		MAJOR FOREIGN HOLDERS OF TREASURY SECURITIES											
			    (in billions of dollars)										
			HOLDINGS 1/ AT END OF PERIOD										
													
													
	Dec	Nov	Oct	Sep	Aug	Jul	Jun	May	Apr	Mar	Feb	Jan	
Country	2025	2025	2025	2025	2025	2025	2025	2025	2025	2025	2025	2025	
	------	------	------	------	------	------	------	------	------	------	------	------	
													
Japan	1185.5	1202.7	1200	1189.3	1180.4	1151.8	1147.9	1135	1134.5	1130.8	1125.9	1079.3	
United Kingdom	863.1	879.8	875.4	862.5	901.4	896	855.7	809.4	807.7	779.3	750.3	740.2	
"China, Mainland"	683.5	683.9	687.7	699.2	699.7	695.6	731.4	732.7	743.6	765.4	784.3	760.8	
Belgium	477.3	481	465.5	463.6	451.1	425.4	430.3	415.5	411.1	402.1	394.7	377.7	
Canada	468.2	472.4	419.4	476	443.8	381.6	438.7	430.1	368.4	426.2	406.1	350.8	
Luxembourg	434.2	424.7	418	420.1	409.9	403.8	403.2	412.6	410.9	412.4	412.4	409.9	
Cayman Islands	421.2	427.6	418.7	427	410.7	436.9	441	441.3	446.5	453.6	416.1	406.9	
France	368.9	376.1	390.2	375.5	389.1	391	373.8	375.1	360.6	363.1	354.1	335.4	
Ireland	340.7	340.3	339.9	340	343.5	323.9	317.3	327.3	339.9	329.3	339	329.7	
Taiwan	310.6	312.9	309.5	312.6	313.5	308.9	307.2	304.8	311.5	308.2	306.2	298.6	
Switzerland	294.1	300.4	302	301.8	302.7	302.8	300.6	303.7	310.9	311.7	290.8	301.2	
Singapore	278.4	272.2	272.4	258.6	260.7	252.2	253.2	249.3	247.7	262.7	260	247.6	
Hong Kong	267.8	256.6	251.2	238.1	252	247.9	242.3	252.6	247.1	262.9	273.8	256	
Norway	208.1	218.9	193.7	215.9	214.9	208	195.1	187.3	195.9	200.1	161.8	173.1	
India	182.9	186.5	190.7	202.7	219.4	219.7	227.4	235.3	232.5	239.9	228	225.7	
Brazil	168.7	168.2	167.8	172.8	184.6	201.8	215.4	212	212	208.4	207.3	199.4	
Saudi Arabia	149.5	148.8	134.3	134.2	133	131.6	130.5	127.7	133.8	131.6	126.4	126.9	
"Korea, South"	140.6	145.1	145	142.8	135.8	132.3	126.5	124.2	121.7	125.8	124.6	122.2	
Israel	105.7	107.9	110	105.3	100	102.5	101.8	100.8	97.4	92.5	90.7	88.4	
Germany	103.1	109.1	114.5	109.5	100.6	107	100.1	102.1	110.6	111.6	104	105.7	
Bermuda	101.4	104.5	106	103.6	99	97.1	95.9	94	97.5	95.6	92.4	88.9	
United Arab Emirates	95.6	103.5	110.7	103.3	108.7	107.7	96.4	103.6	112.9	104.3	119.9	92.6	
El Salvador	93.8	92.2	91.6	88.6	82.2	82	89.5	88.4	86.3	85	1.1	1.1	
Mexico	85.4	86.1	89.7	88.5	91.7	96.2	94.5	96.3	89.8	91.5	102.7	99.4	
Thailand	82.8	81.9	85.7	90.4	88.2	87.8	83.4	76.4	78.3	77.9	79.6	76.2	
Spain	73.6	82.3	80.8	70.4	77.1	78.1	63.1	69.2	68.9	60.7	60.5	59.1	
Australia	72.3	75.1	74.1	72.1	67.4	71	61.6	62.4	68.2	67.5	69.8	66.4	
Netherlands	70	79.6	79.9	78.6	79.8	82.8	81.7	79.5	85.6	90.9	83.2	79.4	
Kuwait	66.1	64.8	60.7	59.4	59.2	58.1	58	57	54.2	52.7	50	49.2	
Italy	62.1	65.5	65.2	62.7	62.9	62.5	60.7	60.8	60.8	59.6	58.7	58.7	
Philippines	62	62.2	62.1	60.3	59.9	56.9	57	57.7	58.5	59.3	58	57.2	
Poland	60.5	59.9	59.1	59.5	62.4	67.2	66.5	62.6	62	57.5	57.6	54.2	
Sweden	50.1	50.4	48.6	48.9	48.3	48.5	48.4	48.7	52.5	55.9	51.6	48.4	
Peru	45.1	41.2	41.6	43.2	40.6	40.1	41.8	40.1	40.7	42.8	41.6	41.7	
Colombia	44.2	45.2	41.6	43.3	44.7	43.3	43	45.6	48.2	47.3	46.2	45.5	
Chile	39.6	39.6	39.5	38.9	39.1	38.9	39.2	38.1	38.2	37.1	36	35.1	
All Other	710.8	700.4	690.1	678.2	690.3	670.5	673.8	664.1	654.2	651	734.7	729.2	
Grand Total	9267.2	9349.6	9232.9	9237.5	9248.4	9109.4	9094	9023.5	9001	9054.2	8900	8617.8	
													
Of which:													
For. Official	3877.6	3912.3	3866.6	3872.6	3919.5	3886	3892.5	3877.1	3907.4	3923.4	3895.9	3803.8	
Treasury Bills	388.5	385.6	386.2	371.3	411.3	409.6	402.6	397.6	413.9	419.8	435	373.4	
T-Bonds & Notes	3489.1	3526.8	3480.4	3501.2	3508.2	3476.5	3490	3479.5	3493.5	3503.6	3460.9	3430.4	
													
													
	Dec	Nov	Oct	Sep	Aug	Jul	Jun	May	Apr	Mar	Feb	Jan	
Country	2024	2024	2024	2024	2024	2024	2024	2024	2024	2024	2024	2024	
	------	------	------	------	------	------	------	------	------	------	------	------	
Japan	1061.5	1087.1	1101.5	1095.5	1106	1093.5	1091.4	1106	1126.1	1167	1147.6	1140.6	
"China, Mainland"	759	768.6	760.1	772	774.6	776.5	780.2	768.3	770.7	767.4	775	797.7	
United Kingdom	722.8	766.9	746.5	769.3	749.2	733.5	746.5	728.6	714.6	736.4	711.5	701.8	
Luxembourg	423.9	417.8	413.5	407.2	395.7	389.3	374.2	367.3	359.2	366.2	355.8	348.1	
Cayman Islands	423	405.3	418.3	424.6	424.2	380.1	326.3	342.7	326	310.8	309.9	327.9	
Canada	378.8	372.4	363.7	367.9	362.9	375.3	372.5	356.3	341.6	369.4	365.3	351.3	
Belgium	374.6	361.3	349.7	366.6	325	315.9	318	313.1	312.5	317.2	320.1	293.1	
Ireland	339.4	343.1	336.7	356.3	350.9	341.2	336.1	336.8	330	340.7	341.2	334.6	
France	332.3	332.5	330.2	329	312.5	291.2	305.4	283.1	276.7	271.9	271	256.4	
Switzerland	298.7	298.7	297.9	305.5	299.3	289.4	287.4	290.5	290.5	286.7	281.1	284.2	
Taiwan	292.3	286	287.9	291.1	287.1	277.3	267.9	265.4	259.3	261	257.5	257.6	
Hong Kong	255	265.8	261.8	243.7	243.7	238.6	226.6	224.2	226.6	208.2	216.7	232.7	
Singapore	249	252.2	244.7	243.8	234.8	229.8	215	209.8	203.3	202.4	199.3	199.1	
India	219.1	234	241.4	247.2	245.9	238.8	241.9	237.8	233.5	240.6	234.7	236.1	
Brazil	201.6	229	228.8	234.6	233.3	229.1	227	223.2	223.6	227.1	225.6	226.8	
Norway	157.6	162.5	167.1	173.5	166	160.3	157.1	146.1	142.3	151.9	141.3	150.1	
Saudi Arabia	137.5	135.6	139.2	143.9	142.8	142.7	140.2	136.3	135.4	135.9	131.1	133.5	
"Korea, South"	124.9	127.5	127.3	127.3	123.3	123.1	117.2	119.8	119	115	118.2	116.9	
Mexico	102.6	99.4	97.3	93.7	93.6	93.5	94	97.6	91.8	87.3	80.8	76	
Germany	97.2	100.1	102.6	104	99.3	105.1	91	91.5	92	94.3	95.5	94.5	
Bermuda	90.1	91.6	90.9	92.3	91.9	91	89	87.6	86.9	90.3	87.1	86.8	
Israel	82.1	87.5	89.4	79	73.5	71.2	69.7	64.2	59.8	58.5	57.3	56.9	
Netherlands	78.6	84.4	79.7	85.3	78.3	76.4	71.9	72	71.7	68.5	69.7	72.1	
United Arab Emirates	77.1	73.1	68.3	71.9	79.2	68.9	70.1	70.8	69.9	70.9	68.9	60.1	
Thailand	70	71.8	71.2	76.4	75.2	72.7	75.8	71.6	67	64.9	62.8	61.8	
Australia	67.3	67.9	71.4	73.1	73.4	73.3	64.5	65.1	67.8	66.7	68.2	67.3	
Philippines	62.8	64.4	64	64.7	63.1	62.1	60	58.8	57.7	60.1	57.9	57.5	
Italy	59.8	59.3	58.1	58.7	56.4	54.8	54.8	53.7	49.3	43.7	44.9	45.3	
Spain	59.1	64.6	65	65.9	62.9	64	65.2	63.1	61.8	56.7	55.2	54.4	
Poland	52.7	52.1	51.1	50.8	47.9	46.6	47.2	43.1	42.2	43.2	43.1	43	
Kuwait	50.3	51.2	51.4	48.3	47.4	47.6	46.4	46.2	44.9	46.3	46.7	46	
Sweden	49.2	51	50.4	51.3	49.6	48	46.5	46.7	45.4	45.5	44.3	45.5	
Colombia	45.9	47	46.9	48.2	47.9	46.9	45.8	44.2	40.7	44.9	43.4	42.8	
Bahamas	43.8	39.3	41.2	38	49.9	44.5	47.6	16.1	17.6	18.4	17	17	
Peru	43.7	41.4	40.6	40	37.8	37	39.5	38.9	37.7	37.1	34.8	32.4	
Chile	34.3	34.7	34.9	36	35.3	36	36.1	37.7	37.9	39.8	39.4	40.7	
Indonesia	32	33.6	33.5	31.9	20.9	20.6	20.8	18.6	19.8	21.9	17.5	16.7	
All Other	669.5	662.5	669.3	657.9	650.8	642.5	632.1	588.3	583.3	573.2	561.8	548.3	
Grand Total	8619.3	8723.3	8693.5	8766.3	8611.4	8428.2	8299.3	8130.7	8036.2	8107.9	7999.3	7953.8	
													
Of which:													
For. Official	3792.5	3861.9	3856.3	3914.1	3876.4	3846.4	3831	3797.7	3787.2	3816.9	3767.6	3799.1	
Treasury Bills	306.9	304.6	312	318.3	307.2	271.9	268.5	254.8	262.7	267	266.3	250.3	
T-Bonds & Notes	3485.6	3557.2	3544.2	3595.8	3569.2	3574.6	3562.5	3542.8	3524.5	3549.9	3501.3	3548.8	
													
													
	Dec	Nov	Oct	Sep	Aug	Jul	Jun	May	Apr	Mar	Feb	Jan	
Country	2023	2023	2023	2023	2023	2023	2023	2023	2023	2023	2023	2023	
	------	------	------	------	------	------	------	------	------	------	------	------	
Japan	1115.3	1127.5	1098.2	1086.4	1115.5	1111.8	1104.1	1096.1	1125.8	1086.6	1080.7	1102.9	
"China, Mainland"	816.3	782	769.6	778.1	805.4	821.8	835.8	846.7	868.9	869.3	849	859.3	
United Kingdom	688.6	650.8	630	604.7	627.5	609.3	624.4	606.6	625.1	633.1	576.5	598	
Ireland	349.7	304.7	287.9	279.4	281.4	257.1	271.3	234.7	234.4	240.3	240.9	243.1	
Canada	348.5	321.2	281.5	280.5	295.1	293.9	275.6	265.9	247.1	245.3	235.3	254.1	
Luxembourg	339.9	371.3	345.4	373.7	365.8	352	330.7	331.5	332.3	328.6	327.2	318.2	
Cayman Islands	314.8	329	333.2	323.4	318.7	305.7	284.4	273.3	285.1	297.3	292.6	292.3	
Belgium	314.4	296.5	285.4	317.1	316.7	318.7	331.8	335.6	336.6	337	330.9	331.1	
Switzerland	287.4	276.4	275.7	280.1	283.5	302.2	306.2	304.5	298.3	305.4	290.1	290.5	
Taiwan	254	238	231.4	236.3	241	243	241.3	239.8	244.5	239.5	231.6	234.6	
Hong Kong	238	211.1	199.1	197	202.6	205.9	198.9	216.1	222.2	223.1	212.5	221	
France	236.7	244.7	222.5	215.7	217.4	219.3	207.8	202	187.3	173.9	171.2	178.4	
India	233.7	224.9	222	229.1	232.5	233.1	235.4	238.3	238.7	237.9	231.2	232	
Brazil	230.3	224.9	219.4	223	223.2	224.7	227.5	230	229.8	224.4	215.2	214	
Singapore	196	196.2	190.5	187.3	184.2	186.6	187.3	203.2	201.1	194.9	189.9	187.6	
Norway	139.3	113.6	121.2	121.6	126.3	127.5	126.4	122	122.8	119.1	116.6	104.4	
Saudi Arabia	132	128.1	117.5	117.1	112	109.2	110.7	111.3	113.3	116.2	111.7	111	
"Korea, South"	117.2	116	112.9	112.9	117.8	115.8	115.1	115.4	111.5	113.9	110.8	105.8	
Germany	91.6	86.3	87.9	84.8	88.5	88.5	87.8	84.2	79.5	77.7	79.6	77.8	
Bermuda	90.6	89.2	89.1	88.7	87.8	87	84.5	73	75.1	79.1	77.8	77.4	
Mexico	76.4	75.6	74.3	73.5	73.3	74.2	70.9	72.5	68.5	65.2	62.4	58.3	
Netherlands	73.6	71.1	66.1	68.5	73.2	72.3	74.8	71.2	74.5	75.1	72.7	73.7	
United Arab Emirates	64	62.8	64	64.4	68.3	64.9	65.6	69	70.2	61.5	65.2	64.9	
Thailand	62.3	62.2	59.6	59.9	59.4	61.5	62.8	64	65.1	64.4	57.1	52.8	
Australia	59.7	56.7	56.2	55.8	55.8	53.9	56.5	52.8	59	59.2	57.6	61	
Philippines	57.7	54.6	50.6	48.4	48.6	49.6	49.7	49.3	50	51.5	51	48.8	
Israel	56.6	61.1	51.8	58.2	56.7	58	56.5	49	48.3	52	45.8	49.3	
Spain	53.9	58.8	54.2	53.2	54.3	52.5	54.3	54.3	54.7	55.4	50.4	40.2	
Sweden	46.9	46.1	44.9	44.8	43.8	44.1	42.8	39.5	39.6	38.3	38.9	39.5	
Kuwait	46.4	43.1	39.6	40.8	41.9	42.5	43.7	41.4	41.4	39.3	39.1	43.3	
Poland	44.9	43.9	44.5	45.4	47.9	48.8	47.9	44.5	43.1	41	39.8	40.9	
Italy	44.7	44.4	44.1	45.1	45.3	46	46.7	49	43	39.4	40	40.1	
Colombia	43	39.4	38	38.6	38.8	38.4	38.4	36.2	39.7	39.3	38.7	39.6	
Chile	40.3	40.4	39.3	40	41.9	43.3	39.9	38.9	37.4	35.7	34.7	34.2	
Peru	32.5	31.1	31.9	32.7	32.6	31.9	33	32.2	32.2	33.1	32.6	31.8	
Vietnam	30.7	29.7	30.3	31.7	32.1	32.9	33.6	35	36.7	35.2	35.9	36.3	
All Other	572.5	563	566.9	571	563.5	567.4	559.5	529.5	523.3	540.4	521.8	517.1	
Grand Total	7940	7716.3	7476.7	7509.1	7620.5	7595.1	7563.2	7458.6	7506	7468.6	7254.9	7305.1	
													
Of which:													
For. Official	3796.4	3684.1	3640.4	3691	3738.2	3758.8	3769.2	3782.7	3789.7	3769.9	3692.7	3703.8	
Treasury Bills	250	246	234.8	234.5	237.8	236.6	220.4	234.4	231.3	252.3	256.9	249.6	
T-Bonds & Notes	3546.5	3438.1	3405.6	3456.5	3500.4	3522.2	3548.9	3548.3	3558.4	3517.6	3435.7	3454.3	
													
													
	Dec	Nov	Oct	Sep	Aug	Jul	Jun	May	Apr	Mar	Feb	Jan	
Country	2022	2022	2022	2022	2022	2022	2022	2022	2022	2022	2022	2022	
	------	------	------	------	------	------	------	------	------	------	------	------	
Japan	1075.1	1081.8	1064.4	1116.4	1196.0	1230.7	1232.7	1219.9	1215.0	1229.0	1303.0	1299.9	
"China, Mainland"	867.1	870.3	877.9	901.7	938.6	939.2	938.8	951.8	976.0	1013.2	1028.7	1033.8	
United Kingdom	573.7	575.1	641.3	664.8	646.5	636.6	617.3	636.5	614.3	636.5	627.0	610.7	
Belgium	351.2	334.4	327.2	325.0	287.8	285.4	273.5	268.2	255.6	264.5	258.4	243.0	
Luxembourg	329.3	311.3	298.4	299.9	308.4	306.5	309.3	296.5	296.2	303.2	316.4	313.0	
Cayman Islands	292.6	293.4	291.7	301.5	308.6	293.4	302.3	295.4	292.5	293.9	275.9	272.1	
Switzerland	269.5	266.6	258.4	273.3	290.6	283.1	291.5	287.1	268.0	270.7	278.0	295.4	
Ireland	241.7	241.5	245.1	265.4	275.6	277.5	285.4	288.6	309.4	315.7	314.7	308.5	
Taiwan	225.4	224.1	214.6	215.3	231.5	238.2	232.3	229.1	226.9	236.9	247.0	247.1	
India	224.1	219.0	213.0	212.6	221.2	212.0	208.8	203.7	199.0	199.8	199.8	198.6	
Brazil	217.4	225.9	220.1	221.8	227.3	232.9	226.1	228.4	229.2	233.3	237.4	236.1	
Canada	215.1	228.8	218.2	199.9	228.2	227.9	206.2	225.5	234.7	236.5	224.1	217.6	
Hong Kong	214.5	201.2	185.0	178.7	189.8	192.8	187.3	185.6	195.0	207.7	205.4	225.6	
Singapore	182.9	186.3	175.8	176.4	188.3	187.2	180.9	177.1	182.1	190.9	192.0	191.6	
France	180.3	194.7	217.4	206.7	232.7	231.8	236.3	242.5	242.9	246.0	238.7	232.9	
Saudi Arabia	119.7	121.5	120.7	121.0	122.1	121.6	119.2	114.7	115.7	115.5	116.7	119.4	
"Korea, South"	102.6	100.4	98.7	104.9	117.5	111.9	111.9	115.3	117.3	118.9	121.9	123.8	
Norway	92.0	97.7	95.7	99.6	111.1	112.5	112.9	109.0	115.6	116.7	120.1	115.8	
Bermuda	81.6	83.6	83.6	82.6	82.7	82.3	79.5	77.4	75.2	73.0	71.2	69.7	
Germany	80.1	79.8	85.9	83.9	88.8	87.5	95.4	91.6	92.8	93.8	90.5	84.3	
Netherlands	67.4	71.9	63.8	66.2	66.3	66.4	64.5	64.4	63.1	64.7	65.5	60.6	
Mexico	58.7	57.3	56.4	53.9	53.3	49.5	48.8	48.0	47.3	47.7	47.1	44.4	
United Arab Emirates	58.5	59.5	53.9	47.9	48.2	41.6	40.1	38.4	41.9	45.8	46.5	44.9	
Australia	56.4	58.3	58.5	56.3	56.2	56.3	54.3	57.2	60.2	59.2	60.6	59.7	
Israel	50.6	55.0	51.1	51.2	51.1	53.0	51.5	50.9	52.0	59.5	66.0	63.8	
Kuwait	48.5	50.8	50.3	50.2	51.1	49.5	46.0	46.3	46.1	46.8	50.6	50.6	
Philippines	48.2	47.9	47.0	51.2	50.9	51.2	49.7	50.6	50.9	52.5	53.9	52.5	
Bahamas	46.0	44.1	45.1	41.3	40.0	35.7	30.3	30.0	39.5	36.1	33.5	35.9	
Thailand	46.0	41.4	43.0	43.3	47.5	48.0	49.0	49.4	57.2	63.7	61.6	62.1	
Sweden	42.3	48.5	46.3	47.1	48.3	50.3	48.2	48.2	53.1	53.5	55.4	54.5	
Iraq	40.8	39.7	38.0	36.9	35.6	34.6	32.0	32.9	28.3	26.2	24.1	23.4	
Colombia	39.9	35.7	33.8	34.4	34.0	35.1	34.9	34.9	35.4	34.5	34.0	33.3	
Italy	39.2	38.1	36.8	36.8	37.9	40.2	40.4	41.9	42.6	44.2	45.4	42.1	
Poland	37.7	38.2	34.7	33.0	33.9	36.2	35.3	36.0	37.0	39.2	45.5	44.9	
Spain	36.9	36.0	31.9	33.0	29.9	28.8	27.0	29.5	26.0	27.0	29.0	27.4	
Vietnam	36.9	35.6	36.2	37.1	38.2	39.9	39.2	39.1	40.1	40.7	41.4	42.3	
Chile	34.0	34.2	33.8	34.0	36.0	38.1	40.5	39.4	36.5	37.4	37.2	35.3	
Peru	32.1	31.0	31.1	32.2	32.4	32.0	30.8	29.9	30.3	29.9	29.5	29.0	
All Other	438.8	424.3	408.4	414.1	408.5	407.7	407.2	400.1	402.0	399.6	409.8	410.0	
Grand Total	7194.7	7184.7	7133.2	7251.5	7492.7	7485.5	7416.9	7410.8	7443.1	7604.2	7703.5	7655.7	
													
Of which:													
  For. Official	3667.4	3662.0	3614.0	3713.7	3876.9	3895.0	3855.3	3866.3	3907.5	4025.3	4124.4	4130.0	
    Treasury Bills	238.7	217.2	203.8	220.0	230.5	234.0	238.3	248.6	256.6	259.7	278.3	266.7	
    T-Bonds & Notes	3428.7	3444.8	3410.2	3493.7	3646.4	3661.0	3616.9	3617.7	3650.9	3765.6	3846.0	3863.3	
													
													
	Dec	Nov	Oct	Sep	Aug	Jul	Jun	May	Apr	Mar	Feb	Jan	
Country	2021	2021	2021	2021	2021	2021	2021	2021	2021	2021	2021	2021	
	------	------	------	------	------	------	------	------	------	------	------	------	
Japan	1300.8	1325.5	1320.4	1299.6	1319.7	1310.2	1279.7	1266.2	1276.8	1240.5	1258.0	1276.9	
"China, Mainland"	1040.3	1052.9	1065.4	1047.5	1047.0	1068.3	1061.8	1078.4	1096.1	1100.4	1104.2	1095.2	
United Kingdom	649.3	621.8	580.2	566.4	568.9	541.6	533.6	467.6	431.7	443.1	459.4	438.7	
Ireland	334.5	330.0	324.1	309.6	326.4	319.8	322.7	304.9	307.0	309.8	316.0	313.6	
Luxembourg	327.8	333.3	314.3	312.0	294.2	291.7	302.1	287.6	290.4	282.8	282.1	280.9	
Switzerland	284.0	288.4	289.9	294.4	292.6	296.2	302.0	264.8	260.9	254.7	257.7	254.0	
Belgium	271.6	224.9	225.8	220.9	227.7	220.5	228.5	236.4	234.8	235.8	236.7	248.2	
Cayman Islands	262.8	262.1	271.9	266.8	263.5	263.8	260.1	229.4	226.4	215.2	216.0	216.8	
Taiwan	249.5	247.2	242.4	239.4	237.2	242.2	239.3	236.3	234.0	231.5	234.5	239.6	
Brazil	240.6	244.9	247.7	249.0	248.9	248.5	249.1	251.8	255.3	255.5	259.0	260.4	
Hong Kong	225.2	234.4	233.4	229.5	219.5	227.1	219.2	224.1	215.9	227.0	225.0	223.9	
France	223.9	227.3	239.7	242.0	238.1	235.9	226.7	108.8	107.2	114.4	108.7	121.5	
Canada	219.7	195.1	200.3	167.1	169.2	167.0	167.8	121.1	116.1	106.0	112.7	126.6	
India	198.9	205.2	210.7	218.4	217.0	219.2	220.2	215.8	208.7	200.0	204.4	211.6	
Singapore	193.6	189.4	188.5	189.3	191.5	192.6	188.0	176.3	171.1	170.2	161.4	164.3	
"Korea, South"	130.7	132.2	125.4	130.1	129.0	126.1	130.9	123.2	120.3	122.9	125.7	125.2	
Saudi Arabia	119.0	116.5	116.5	123.8	124.1	128.1	127.6	127.3	130.3	130.8	132.9	135.1	
Norway	98.3	100.2	105.0	120.8	119.9	119.1	115.8	113.5	109.2	94.3	97.5	91.4	
Germany	83.4	82.3	83.8	83.6	82.4	80.5	83.3	77.1	77.8	77.6	73.5	74.8	
Bermuda	72.3	73.2	70.9	72.3	70.2	68.1	68.0	66.3	67.1	66.3	67.1	68.2	
Netherlands	69.1	68.3	67.6	67.1	65.3	68.7	72.7	63.7	65.0	65.8	66.1	69.8	
Israel	69.1	64.3	65.8	64.0	63.9	65.5	62.6	58.3	61.4	61.0	58.2	53.7	
Thailand	61.7	62.4	59.2	61.0	57.3	57.3	56.0	57.0	59.8	66.9	80.6	82.2	
Australia	56.3	54.6	53.8	47.8	47.1	46.3	45.1	45.4	42.9	41.3	40.5	41.0	
Philippines	48.6	50.3	49.8	50.5	49.8	50.5	50.4	50.2	50.7	50.9	50.8	48.0	
Sweden	48.3	40.2	40.0	43.3	43.2	43.7	43.2	43.0	41.3	40.0	40.8	42.2	
Kuwait	46.4	46.3	46.0	46.3	46.8	46.5	47.2	45.9	45.8	45.7	44.8	45.3	
Mexico	46.2	47.4	50.0	48.4	50.7	50.1	49.6	49.1	48.4	48.0	49.4	49.8	
United Arab Emirates	44.9	48.6	53.0	58.1	58.7	58.0	60.8	57.3	43.7	45.6	50.6	33.8	
Vietnam	43.0	43.8	45.0	45.2	44.8	42.9	39.2	38.9	37.3	37.8	37.3	37.4	
Italy	42.3	44.0	43.6	41.8	41.0	41.8	39.9	38.2	37.7	36.5	36.8	38.3	
Poland	42.2	55.1	54.6	54.3	55.2	56.1	54.1	54.0	52.5	52.6	53.2	53.3	
Chile	35.8	36.4	37.8	38.8	38.3	40.9	38.0	39.4	38.0	38.3	38.2	30.1	
Bahamas	34.9	28.3	23.9	18.4	21.6	16.7	13.7	14.5	7.4	7.5	8.6	8.0	
Colombia	33.1	33.7	34.2	33.3	33.1	36.2	35.3	35.8	35.1	35.2	30.6	32.4	
All Other	492.1	477.7	480.1	470.0	475.0	479.1	484.4	477.0	474.7	486.4	489.7	495.7	
Grand Total	7740.4	7687.9	7660.7	7570.9	7578.8	7567.3	7518.9	7144.7	7078.6	7038.3	7108.8	7128.0	
													
Of which:													
  For. Official	4117.7	4161.0	4179.4	4207.9	4216.3	4254.1	4215.9	4226.0	4201.5	4202.1	4235.3	4224.5	
    Treasury Bills	247.6	239.5	247.7	255.4	258.0	276.4	269.5	296.1	320.2	360.6	406.2	378.1	
    T-Bonds & Notes	3870.0	3921.5	3931.7	3952.5	3958.3	3977.7	3946.4	3929.9	3881.3	3841.5	3829.1	3846.4	
													
													
	Dec	Nov	Oct	Sep	Aug	Jul	Jun	May	Apr	Mar	Feb	Jan	
Country	2020	2020	2020	2020	2020	2020	2020	2020	2020	2020	2020	2020	
	------	------	------	------	------	------	------	------	------	------	------	------	
Japan	1251.3	1260.8	1273.1	1276.2	1278.4	1293.0	1261.6	1260.4	1266.5	1272.6	1268.6	1211.8	
"China, Mainland"	1072.3	1063.0	1054.0	1061.7	1068.0	1073.4	1074.4	1083.7	1072.8	1081.6	1092.3	1078.6	
United Kingdom	440.6	420.5	442.8	428.5	419.4	424.6	445.7	445.8	429.2	469.7	477.1	450.3	
Ireland	318.1	314.2	316.3	315.7	335.2	330.7	330.2	324.2	301.3	271.6	282.8	271.7	
Luxembourg	287.7	267.8	266.2	262.5	268.8	264.7	267.3	262.7	265.5	246.1	260.8	255.2	
Brazil	258.3	262.2	262.9	265.1	265.0	265.7	264.1	264.4	259.5	264.4	285.9	283.3	
Switzerland	255.5	253.3	255.5	255.4	253.4	250.4	247.3	243.1	241.3	244.6	243.7	238.1	
Belgium	253.5	240.5	239.5	218.1	214.9	211.8	218.8	212.1	210.2	206.1	218.0	206.5	
Taiwan	235.4	222.3	218.2	213.5	212.0	209.7	204.6	199.2	201.7	205.0	201.9	199.2	
Hong Kong	224.1	223.8	226.6	241.7	246.7	262.7	262.2	269.0	259.4	256.0	268.4	253.0	
Cayman Islands	222.9	222.9	221.5	231.6	229.0	222.3	229.6	216.7	213.1	209.4	228.2	225.1	
India	216.2	220.2	222.4	213.5	196.5	194.6	182.7	169.9	157.4	156.5	177.5	164.3	
Singapore	168.1	163.8	162.0	159.0	160.3	158.6	150.5	142.1	146.1	151.5	165.4	160.7	
Saudi Arabia	136.4	137.6	134.2	131.2	130.0	124.6	124.9	123.5	125.3	159.1	184.4	182.9	
"Korea, South"	130.9	122.8	119.1	123.2	122.7	123.1	122.7	117.3	120.0	110.8	116.1	121.1	
Canada	119.9	127.4	131.3	128.0	131.1	133.9	127.6	129.9	136.3	131.5	148.3	157.9	
France	111.3	132.4	136.9	135.1	133.3	130.0	144.1	130.5	137.7	156.0	147.6	134.0	
Norway	87.5	89.0	82.9	90.5	90.6	89.9	88.7	87.6	93.2	98.0	103.3	97.7	
Thailand	80.0	82.0	82.0	83.2	85.7	87.9	85.5	85.8	80.5	81.8	91.3	96.0	
Germany	75.4	73.0	74.2	74.7	78.7	78.2	79.4	80.6	77.7	77.3	86.0	83.7	
Bermuda	72.6	74.0	73.9	76.1	74.2	71.1	70.9	63.9	65.2	64.2	65.9	64.8	
Netherlands	69.7	71.7	69.7	69.2	68.5	71.2	69.4	67.9	66.2	69.1	70.9	67.7	
Poland	50.5	47.5	46.1	44.1	43.8	42.5	39.7	38.0	34.4	35.6	38.8	37.7	
Mexico	49.4	52.7	48.8	49.2	49.5	47.6	47.0	47.4	45.4	40.9	47.5	45.8	
Israel	48.7	57.0	53.3	51.5	47.7	48.4	47.6	46.8	43.2	41.1	45.1	45.6	
Kuwait	46.6	46.1	47.1	46.6	46.4	47.9	44.7	43.6	44.5	40.1	43.6	41.9	
Philippines	43.3	48.6	47.3	46.7	47.6	43.8	44.2	42.7	42.7	43.1	41.8	40.4	
Sweden	40.3	37.7	37.7	38.2	38.3	40.0	39.1	37.1	36.5	39.5	45.4	45.0	
Australia	39.8	40.6	39.5	39.3	42.9	43.8	43.0	43.5	44.8	46.3	43.7	45.1	
Italy	39.1	41.3	44.2	44.0	43.5	42.6	42.4	41.4	41.5	44.8	46.8	44.6	
Spain	35.3	33.7	35.2	41.3	41.3	41.9	44.0	47.3	44.0	43.8	46.2	43.9	
Vietnam	33.2	31.9	32.6	30.4	30.1	29.9	30.3	30.3	29.6	30.7	31.0	30.3	
United Arab Emirates	32.2	36.8	29.1	33.1	36.6	29.5	26.1	27.9	26.3	28.0	37.3	39.8	
Colombia	31.0	30.8	31.9	29.8	30.6	29.8	29.4	28.2	26.5	29.3	30.8	29.7	
All Other	493.8	501.1	512.4	521.5	521.4	536.4	522.4	523.5	517.6	503.1	543.8	533.8	
Grand Total	7070.7	7051.2	7070.4	7069.2	7082.0	7096.2	7052.1	6978.1	6903.1	6949.5	7226.0	7027.3	
													
Of which:													
  For. Official	4186.5	4176.2	4166.8	4198.9	4199.3	4191.2	4147.1	4105.9	4047.4	4117.9	4264.9	4169.9	
    Treasury Bills	361.0	370.8	375.4	371.5	385.0	393.6	382.3	355.7	331.0	283.2	306.1	294.8	
    T-Bonds & Notes	3825.6	3805.4	3791.3	3827.4	3814.3	3797.6	3764.8	3750.2	3716.4	3834.6	3958.8	3875.1	
													
													
	Dec	Nov	Oct	Sep	Aug	Jul	Jun	May	Apr	Mar	Feb	Jan	
Country	2019	2019	2019	2019	2019	2019	2019	2019	2019	2019	2019	2019	
	------	------	------	------	------	------	------	------	------	------	------	------	
Japan	1155.2	1160.6	1168.5	1146.2	1174.6	1131.2	1122.8	1101.0	1064.0	1078.1	1068.8	1064.9	
"China, Mainland"	1069.9	1089.1	1101.5	1102.4	1103.5	1110.3	1112.5	1110.2	1113.0	1120.5	1130.9	1126.7	
United Kingdom	392.1	400.5	412.7	412.7	434.6	406.8	341.1	323.1	300.8	317.1	302.5	290.1	
Ireland	281.9	289.7	285.4	274.1	272.3	257.3	261.8	270.7	269.7	277.6	274.0	270.1	
Brazil	281.8	293.3	298.5	303.0	313.4	309.9	311.7	305.7	306.7	311.6	307.7	305.1	
Luxembourg	254.6	261.9	263.0	252.3	244.2	229.2	230.5	229.6	223.7	230.2	228.9	226.7	
Hong Kong	249.7	249.7	243.6	242.5	252.2	235.8	217.3	205.3	207.2	209.0	203.1	200.9	
Cayman Islands	238.2	234.2	236.8	250.9	248.8	233.2	225.0	216.1	217.2	219.4	210.0	209.2	
Switzerland	237.5	233.4	233.2	231.1	233.0	228.3	232.4	231.3	226.9	226.3	221.4	226.9	
Belgium	207.4	202.4	205.6	215.5	215.0	203.3	200.1	190.5	179.8	186.6	181.3	191.5	
Taiwan	193.1	188.6	191.2	189.0	185.9	178.7	175.1	172.0	171.1	168.8	164.9	168.3	
Saudi Arabia	179.8	179.7	178.9	181.5	183.8	180.8	179.6	179.0	176.6	170.0	167.6	163.3	
India	162.0	159.2	161.4	160.7	162.2	159.9	162.7	156.9	155.3	152.0	144.3	144.9	
Singapore	147.9	150.6	138.8	141.8	145.5	137.9	139.6	150.4	139.3	138.8	130.5	127.8	
Canada	143.3	155.2	157.1	153.4	157.8	148.4	111.3	100.5	102.1	99.6	97.6	99.2	
France	127.7	123.0	133.4	132.2	134.0	136.4	131.5	125.1	124.7	109.6	115.9	112.5	
"Korea, South"	121.9	117.2	117.1	118.5	117.8	116.8	115.2	117.3	115.1	119.9	115.5	117.3	
Thailand	90.5	91.2	95.2	93.5	94.1	89.5	83.8	81.4	82.2	84.4	90.9	83.7	
Norway	90.1	96.0	100.3	99.2	101.0	96.9	98.6	99.3	97.1	99.5	97.1	90.9	
Germany	78.3	79.9	84.0	84.9	86.4	85.8	79.0	77.8	72.8	78.1	76.2	73.6	
Bermuda	71.3	68.2	65.4	69.6	74.4	68.5	69.0	69.0	66.3	68.1	66.8	66.3	
Netherlands	65.1	62.2	61.7	62.1	63.9	64.6	47.8	44.4	45.0	44.5	42.8	43.0	
Spain	50.4	44.4	45.6	43.1	43.6	42.9	42.6	42.0	41.0	40.9	37.7	36.6	
Sweden	48.7	49.5	46.9	47.3	48.4	47.7	49.4	48.5	46.5	47.9	48.2	43.4	
Mexico	45.3	49.1	49.1	51.5	53.0	51.1	48.8	49.8	47.5	44.6	40.4	41.1	
Italy	45.3	45.7	47.1	47.2	46.7	45.6	45.4	42.5	43.6	44.0	42.1	41.1	
Kuwait	43.3	43.0	43.8	44.1	44.1	44.0	44.4	41.4	40.2	40.2	42.2	40.7	
Israel	43.1	45.6	45.4	46.0	42.9	40.1	39.5	36.1	36.2	34.8	35.4	30.0	
Australia	41.8	44.6	45.4	39.6	41.8	45.9	39.7	39.7	39.1	39.3	39.5	41.4	
United Arab Emirates	40.7	39.9	38.4	37.3	49.3	49.3	51.5	53.2	55.7	55.6	54.5	55.9	
Poland	38.8	38.5	35.7	36.8	38.8	28.8	28.1	34.1	37.2	33.9	32.8	33.8	
Philippines	34.8	37.4	34.6	34.0	33.9	33.9	32.2	30.7	27.3	25.1	21.2	21.1	
Iraq	32.9	31.0	32.7	32.5	35.1	34.9	34.7	34.4	35.4	36.2	34.7	34.0	
Indonesia	32.2	30.5	28.4	28.7	28.9	25.9	23.5	24.2	24.8	23.5	24.2	23.8	
Colombia	31.4	31.8	31.5	31.6	32.3	30.5	31.1	29.6	29.7	31.5	27.2	26.8	
Chile	30.8	29.4	29.8	30.5	31.1	30.6	29.2	29.8	28.9	28.6	30.0	29.4	
Vietnam	30.5	29.9	29.2	28.8	26.7	24.6	24.8	24.0	23.1	23.3	21.4	20.6	
Egypt	21.0	21.1	20.6	18.9	19.2	19.5	19.8	20.5	21.2	21.8	20.0	19.5	
Peru	19.3	19.3	20.6	21.1	21.4	21.2	21.1	21.1	20.3	20.3	19.4	19.8	
Denmark	16.9	17.1	17.5	17.7	18.6	17.6	17.3	16.1	15.8	16.2	16.1	15.7	
Malaysia	14.3	14.9	15.0	14.7	13.7	13.6	12.4	11.6	11.8	12.1	12.0	12.1	
South Africa	13.8	13.5	14.0	14.6	13.3	12.6	12.7	11.0	12.2	12.0	12.0	9.9	
All Other	329.8	340.2	341.8	340.4	355.3	330.6	329.0	342.6	339.8	332.4	324.3	325.2	
Grand Total	6844.2	6902.1	6946.4	6923.5	7036.4	6800.2	6625.9	6539.4	6433.9	6474.0	6374.5	6324.6	
													
Of which:													
  For. Official	4076.9	4101.2	4122.9	4150.9	4200.2	4139.3	4146.1	4112.1	4070.9	4080.9	4029.7	3986.3	
    Treasury Bills	268.6	273.6	288.1	290.8	295.2	285.8	287.3	298.0	307.8	318.5	319.1	310.0	
    T-Bonds & Notes	3808.3	3827.6	3834.8	3860.1	3905.0	3853.5	3858.7	3814.2	3763.1	3762.3	3710.6	3676.3	
													
													
	Dec	Nov	Oct	Sep	Aug	Jul	Jun	May	Apr	Mar	Feb	Jan	
Country	2018	2018	2018	2018	2018	2018	2018	2018	2018	2018	2018	2018	
	------	------	------	------	------	------	------	------	------	------	------	------	
"China, Mainland"	1124.3	1121.4	1138.9	1151.4	1165.1	1171.0	1191.2	1183.1	1181.9	1187.7	1176.7	1168.2	
Japan	1039.7	1036.6	1018.5	1028.0	1029.9	1035.5	1032.5	1048.9	1031.8	1044.4	1060.1	1066.0	
Brazil	303.1	311.4	313.9	317.0	317.8	299.7	300.1	299.2	294.1	286.0	272.9	265.7	
United Kingdom	288.0	258.9	263.9	276.3	272.6	271.7	274.2	265.0	262.6	263.6	250.6	243.3	
Ireland	279.9	279.6	287.3	290.4	311.6	300.2	301.1	301.0	300.6	318.1	314.2	327.7	
Luxembourg	230.5	225.7	225.4	227.2	224.0	221.5	220.9	208.9	213.8	221.5	218.6	220.9	
Switzerland	229.9	227.5	225.2	226.9	232.0	233.1	235.5	243.4	242.2	245.4	248.0	251.1	
Cayman Islands	225.6	207.6	208.3	200.4	197.7	198.1	191.3	186.2	181.3	166.1	177.5	168.2	
Hong Kong	196.3	189.2	185.0	192.3	193.2	194.4	196.4	191.9	194.1	196.3	196.6	194.3	
Belgium	185.1	173.0	169.7	164.7	154.3	154.5	154.7	150.5	139.5	126.7	126.8	124.6	
Saudi Arabia	172.2	169.9	171.3	176.1	169.5	166.8	164.3	162.2	159.9	151.2	150.9	143.7	
Taiwan	157.3	155.4	162.4	166.5	163.2	164.2	162.6	164.8	168.1	170.1	170.7	175.4	
India	141.3	138.5	138.2	144.0	140.6	142.6	147.3	148.9	152.8	157.0	152.9	148.6	
Singapore	120.8	128.8	133.0	134.5	129.9	127.6	122.1	118.9	118.0	117.8	118.0	122.6	
"Korea, South"	114.8	110.2	111.1	110.8	110.2	109.1	106.1	104.8	104.7	100.6	101.3	101.8	
France	110.8	131.6	109.4	97.7	113.6	111.0	93.4	89.6	82.6	80.9	77.0	78.4	
Canada	96.2	106.3	101.9	94.1	96.2	96.1	102.3	96.7	89.4	93.0	89.1	86.1	
Norway	84.9	47.3	61.3	63.6	66.7	61.1	49.7	49.7	39.4	40.2	50.4	46.9	
Thailand	72.0	64.9	65.3	66.1	63.3	63.0	58.6	62.2	60.8	57.2	68.0	67.2	
Germany	66.6	77.7	77.5	68.3	73.3	71.0	70.7	78.3	86.0	76.5	78.4	71.0	
Bermuda	65.9	64.3	62.6	64.5	65.5	64.4	60.7	64.0	64.8	66.5	67.5	67.7	
United Arab Emirates	56.7	56.3	57.7	60.0	59.0	59.7	59.6	60.0	59.7	59.3	57.5	55.6	
Mexico	46.8	45.7	41.5	39.3	40.7	39.8	41.0	43.6	43.8	47.0	36.0	36.2	
Sweden	43.8	44.5	43.4	44.6	44.6	44.7	46.0	45.5	45.1	46.2	46.3	46.3	
Netherlands	43.5	42.8	43.0	43.0	43.4	45.1	44.8	45.1	42.5	43.9	44.8	45.1	
Kuwait	41.1	43.9	44.1	43.8	43.5	42.9	43.0	43.9	42.6	36.9	36.3	36.9	
Italy	40.2	40.4	39.6	39.6	37.3	38.4	40.6	39.6	36.4	37.2	36.6	35.4	
Poland	39.6	40.2	40.0	40.1	39.9	40.6	40.6	40.2	41.4	40.3	40.4	40.7	
Australia	38.0	41.3	38.9	36.8	38.4	39.2	39.8	37.6	36.2	34.3	38.7	38.1	
Spain	34.7	34.9	35.3	37.3	37.5	36.2	31.9	34.6	31.3	32.0	32.4	34.7	
Iraq	34.6	32.1	31.1	29.4	29.8	28.3	26.5	24.5	22.4	21.7	22.3	21.3	
Israel	29.1	29.0	30.8	31.2	30.5	29.7	28.2	28.2	29.9	29.4	29.2	27.4	
Chile	28.7	28.9	29.3	28.9	28.7	28.8	29.2	30.2	29.1	30.6	30.8	29.4	
Colombia	27.7	27.5	26.9	27.4	27.1	26.8	27.4	26.9	26.8	28.3	28.6	28.2	
Indonesia	25.1	23.4	22.5	23.0	23.5	23.1	23.0	23.5	23.5	24.8	26.6	27.3	
Philippines	23.6	26.3	27.5	27.4	31.2	30.4	31.6	31.6	31.8	32.4	33.6	33.8	
Egypt	21.6	21.2	20.7	21.0	20.6	20.6	20.3	19.0	19.4	15.6	15.9	14.0	
Vietnam	19.9	19.1	19.3	20.6	20.9	20.7	20.2	19.5	19.3	20.1	18.9	17.9	
Peru	18.7	18.2	18.0	18.5	18.0	17.7	17.5	17.1	17.2	17.0	16.6	16.4	
Denmark	16.4	16.7	16.6	17.4	17.5	17.3	17.3	17.2	17.6	18.3	17.9	16.5	
Russia	13.2	12.8	14.6	14.4	14.1	14.9	14.9	14.9	48.7	96.1	93.8	96.9	
Malaysia	12.4	13.5	12.9	12.9	12.8	13.2	13.5	13.4	13.7	14.0	14.0	14.1	
Kazakhstan	11.5	10.8	9.8	10.2	12.6	12.4	11.5	17.6	16.3	16.0	17.3	16.8	
South Africa	10.5	11.0	16.4	19.4	21.4	22.1	26.3	24.4	26.7	26.6	24.3	26.1	
All Other	287.6	293.9	290.3	279.0	295.5	305.6	294.8	298.9	290.4	288.8	296.6	299.9	
Grand Total	6270.1	6199.9	6200.3	6225.9	6278.6	6254.4	6225.0	6215.1	6180.0	6223.4	6221.7	6194.6	
													
Of which:													
  For. Official	3956.8	3901.2	3947.1	4010.1	4021.1	4007.8	3988.6	3990.9	4006.2	4051.7	4031.0	4001.4	
    Treasury Bills	315.1	311.8	306.6	316.7	329.3	339.6	336.3	346.3	323.2	318.6	333.9	325.0	
    T-Bonds & Notes	3641.6	3589.4	3640.5	3693.4	3691.8	3668.1	3652.3	3644.6	3683.0	3733.1	3697.0	3676.4	
													
													
	Dec	Nov	Oct	Sep	Aug	Jul	Jun	May	Apr	Mar	Feb	Jan	
Country	2017	2017	2017	2017	2017	2017	2017	2017	2017	2017	2017	2017	
	------	------	------	------	------	------	------	------	------	------	------	------	
"China, Mainland"	1184.9	1176.6	1189.2	1182.3	1201.7	1166.9	1146.5	1102.2	1092.2	1088.1	1059.7	1051.1	
Japan	1061.6	1084.1	1094.0	1096.0	1101.7	1113.3	1090.3	1111.5	1106.9	1120.7	1115.7	1102.5	
Ireland	326.6	324.3	312.4	310.6	309.0	312.3	304.4	297.8	301.9	313.9	309.0	293.7	
Brazil	256.8	265.3	270.0	272.8	273.6	271.9	269.7	269.7	267.7	259.5	257.7	257.7	
United Kingdom	249.9	237.5	225.9	237.4	225.0	229.6	236.0	236.4	231.5	228.3	217.5	214.1	
Switzerland	249.6	250.9	254.0	253.3	248.2	244.5	244.1	239.4	234.1	227.6	234.3	224.0	
Luxembourg	217.6	218.3	217.9	213.9	213.3	213.0	211.6	208.0	212.1	218.3	217.8	218.9	
Hong Kong	194.7	194.9	192.3	194.4	194.5	196.7	201.1	196.6	196.8	195.1	197.1	189.4	
Taiwan	180.9	179.9	181.7	183.9	182.0	184.1	185.9	181.2	185.6	183.8	183.6	183.6	
Cayman Islands	170.6	240.4	247.2	246.9	242.9	240.5	249.3	250.1	243.6	248.2	256.8	254.3	
Saudi Arabia	147.4	147.6	145.2	136.7	137.9	142.5	142.0	134.0	126.8	124.5	116.7	112.3	
India	144.7	140.8	141.4	145.1	138.9	135.7	130.3	127.3	124.1	117.1	112.3	113.7	
Singapore	125.0	124.2	130.4	125.2	119.3	112.3	106.4	107.9	107.0	103.1	107.4	103.3	
Belgium	119.2	115.3	116.0	104.8	96.9	99.4	98.3	98.7	96.4	109.9	105.7	112.2	
Russia	102.5	105.7	105.0	103.9	105.4	103.1	102.9	108.7	104.9	99.8	86.3	86.2	
"Korea, South"	96.3	98.5	100.1	94.3	95.0	97.9	96.8	100.1	93.8	97.1	96.9	95.6	
Canada	86.1	82.4	78.0	75.0	73.6	75.5	76.5	80.1	80.4	77.5	81.9	80.0	
France	80.9	76.6	77.9	78.2	76.0	80.0	72.2	74.4	66.9	69.9	64.4	60.8	
Germany	72.3	71.6	72.9	74.9	73.0	73.3	68.3	68.3	74.7	77.0	73.1	71.6	
Bermuda	67.0	63.5	62.9	62.4	62.3	61.5	60.2	59.8	59.2	59.4	61.0	61.5	
Thailand	60.9	68.0	68.4	70.8	71.6	67.2	66.1	66.5	69.7	69.3	71.4	72.9	
United Arab Emirates	57.7	58.2	57.7	54.3	55.9	59.9	58.8	60.5	60.6	63.0	61.7	61.2	
Turkey	52.6	61.2	61.5	60.8	57.7	54.5	58.9	49.5	56.4	59.0	58.3	58.4	
Norway	51.1	55.3	60.6	64.1	58.0	54.9	53.7	48.3	51.4	48.9	45.8	43.1	
Netherlands	48.6	47.6	45.1	47.5	50.3	50.5	53.1	52.2	49.1	51.2	52.8	54.2	
Sweden	43.9	44.7	45.3	45.9	44.3	42.7	41.0	40.8	41.1	40.6	39.1	38.2	
Poland	40.0	38.4	38.8	37.3	36.3	35.6	34.1	35.0	33.9	34.9	34.2	34.3	
Mexico	39.1	40.6	41.6	40.5	34.7	35.8	32.4	38.9	40.2	38.8	49.5	48.1	
Australia	37.7	40.6	38.7	36.9	37.8	37.9	38.1	37.1	35.2	37.6	34.7	37.0	
Kuwait	36.8	36.8	39.4	38.0	35.6	33.0	31.8	31.6	31.3	32.4	29.8	29.4	
Philippines	36.4	35.8	36.4	35.5	36.3	38.1	37.9	38.2	38.1	36.6	36.9	36.5	
Italy	35.2	35.6	34.5	35.3	35.4	36.2	36.1	35.6	35.0	35.2	37.5	38.2	
Spain	33.5	36.2	36.9	38.1	38.2	38.2	36.6	37.9	38.3	38.0	37.7	37.7	
Colombia	29.8	29.1	29.0	29.6	28.8	28.9	28.5	28.1	28.8	27.9	27.9	27.3	
Israel	29.3	30.9	32.7	32.5	31.8	30.4	30.9	30.9	29.5	29.6	30.2	30.9	
Chile	28.9	29.2	28.8	25.6	26.2	27.1	27.4	27.3	27.6	27.7	27.7	28.2	
Indonesia	27.1	24.5	25.3	27.2	25.5	26.8	27.6	26.7	24.2	22.7	24.0	24.6	
South Africa	23.1	25.1	24.7	22.9	20.5	21.8	10.1	13.2	13.6	12.0	10.1	8.5	
Iraq	20.7	19.9	18.2	17.3	17.0	16.2	16.0	15.5	14.8	15.4	14.4	14.7	
Kazakhstan	17.4	18.3	17.5	18.4	18.9	19.4	22.0	24.6	24.5	25.1	25.2	22.3	
Peru	16.3	15.1	14.9	14.1	13.4	13.3	13.4	13.2	12.8	12.1	11.7	11.9	
Malaysia	15.5	15.5	15.6	15.4	14.9	14.7	14.3	14.4	13.9	13.8	14.1	13.3	
Denmark	14.8	17.8	18.1	18.0	18.2	18.3	18.5	18.7	18.4	18.1	18.0	19.4	
Vietnam	14.8	14.2	14.0	14.3	12.9	13.4	13.6	13.7	14.0	13.9	13.2	13.3	
Oman	11.7	12.7	13.9	14.7	15.8	16.8	15.5	14.7	14.6	14.0	13.7	13.6	
All Other	253.6	256.5	252.3	254.9	243.5	244.7	242.6	243.1	236.5	238.4	238.2	245.8	
Grand Total	6211.3	6306.2	6324.1	6301.9	6249.4	6230.2	6151.9	6108.4	6060.5	6075.3	6012.5	5949.2	
													
Of which:													
  For. Official	4024.0	4054.7	4079.1	4070.4	4051.7	4034.5	3994.4	3935.3	3911.7	3880.1	3815.3	3784.8	
    Treasury Bills	317.2	339.6	332.2	325.2	324.1	330.6	329.9	329.4	326.6	317.9	301.6	300.4	
    T-Bonds & Notes	3706.7	3715.1	3746.9	3745.2	3727.6	3703.9	3664.5	3605.9	3585.1	3562.2	3513.7	3484.4	
													
													
	Dec	Nov	Oct	Sep	Aug	Jul	Jun	May	Apr	Mar	Feb	Jan	
Country	2016	2016	2016	2016	2016	2016	2016	2016	2016	2016	2016	2016	
	------	------	------	------	------	------	------	------	------	------	------	------	
Japan	1090.8	1108.6	1131.9	1136.4	1144.0	1154.6	1147.1	1133.2	1142.8	1137.1	1133.2	1123.6	
"China, Mainland"	1058.4	1049.3	1115.7	1157.0	1185.1	1218.8	1240.8	1244.0	1242.8	1244.6	1252.3	1238.0	
Ireland	288.2	275.2	273.9	270.9	266.4	269.2	269.8	259.3	257.4	263.7	255.2	252.1	
Cayman Islands	261.3	260.8	262.2	262.6	264.4	264.6	270.0	260.7	259.4	265.4	255.6	251.1	
Brazil	259.2	258.3	254.7	258.1	256.1	254.1	251.6	249.5	249.1	246.4	247.3	255.7	
Switzerland	230.0	230.3	235.6	241.0	238.3	241.3	237.9	229.2	230.0	230.4	236.6	237.9	
Luxembourg	224.3	222.4	217.8	228.3	220.7	224.2	225.2	222.5	221.7	221.6	209.1	200.6	
United Kingdom	217.2	215.8	207.3	217.6	204.9	210.0	231.4	217.1	216.4	226.5	230.6	209.6	
Hong Kong	191.4	185.5	186.3	189.8	191.5	189.6	184.7	191.9	194.5	199.7	201.5	201.5	
Taiwan	189.3	183.1	188.6	189.3	190.0	192.1	187.9	181.5	185.2	182.3	182.7	183.3	
Belgium	120.4	113.5	116.9	142.7	157.0	154.4	156.3	151.7	153.6	153.8	143.0	137.5	
India	118.2	118.7	123.0	122.7	122.9	123.7	117.2	118.0	121.6	118.9	118.8	119.8	
Saudi Arabia	102.8	100.1	96.7	89.4	93.0	96.5	98.2	103.7	113.0	116.8	119.9	123.7	
Singapore	102.2	96.9	99.2	101.4	105.9	103.5	107.7	109.3	109.4	112.7	111.5	113.9	
"Korea, South"	93.2	85.0	86.7	88.5	90.2	85.9	82.1	80.5	83.0	84.1	78.2	74.2	
Russia	86.1	86.6	74.6	76.5	87.5	88.2	90.9	88.2	82.5	86.0	87.6	96.9	
Canada	82.9	81.2	81.4	85.0	81.9	81.3	85.3	76.6	81.9	81.5	69.4	70.7	
Germany	82.3	87.0	93.8	103.1	103.9	97.0	99.4	97.3	96.9	90.3	80.7	80.4	
Thailand	66.0	71.1	59.2	49.9	50.7	48.8	48.0	47.7	45.6	43.1	43.0	39.7	
Bermuda	64.0	66.8	65.9	64.3	66.8	66.3	69.1	65.2	62.3	62.9	60.8	58.8	
France	61.4	68.4	61.4	69.5	68.2	61.6	51.6	57.8	54.5	67.0	76.6	56.7	
United Arab Emirates	60.6	63.0	64.4	63.8	64.1	66.0	66.2	61.8	60.1	62.5	64.8	66.7	
Turkey	59.1	55.8	58.3	61.5	56.5	59.7	58.6	50.7	54.7	52.9	53.4	59.8	
Netherlands	57.4	54.2	53.2	52.2	50.7	49.7	51.0	47.6	48.1	49.3	50.7	50.7	
Norway	52.5	47.7	51.6	56.8	53.7	52.9	58.7	61.9	66.2	72.3	69.8	68.1	
Mexico	47.1	47.1	45.9	47.7	46.1	48.3	51.4	59.8	65.9	71.6	72.2	69.9	
Italy	39.9	37.8	40.8	42.0	40.6	41.3	38.9	42.3	39.2	37.5	36.8	36.3	
Sweden	38.7	39.2	38.7	38.3	40.0	40.0	40.2	40.5	41.1	40.9	41.0	40.8	
Philippines	38.5	37.8	38.6	39.0	40.1	41.7	42.4	40.9	41.1	41.3	41.4	42.6	
Spain	38.3	38.4	38.4	39.5	39.0	39.1	39.6	37.6	37.0	38.1	38.2	37.1	
Australia	34.6	36.4	34.5	34.6	32.1	30.9	31.4	31.0	29.1	34.1	33.3	32.2	
Poland	34.0	33.9	33.0	33.5	33.8	33.9	34.2	33.9	33.8	33.7	33.5	33.2	
Israel	31.6	29.5	29.4	28.7	27.4	30.0	30.6	29.4	28.7	26.0	18.7	18.3	
Chile	29.2	29.7	31.0	30.8	31.8	33.8	33.4	31.0	30.7	31.7	30.7	28.5	
Kuwait	28.7	29.4	29.9	30.6	31.3	31.7	30.6	30.9	30.9	31.2	30.4	30.7	
Colombia	28.2	28.0	27.5	28.1	29.2	30.7	31.4	37.2	36.8	36.8	35.1	36.2	
Indonesia	24.6	22.5	24.1	21.6	22.5	22.2	18.7	17.8	18.8	18.7	19.3	20.6	
Kazakhstan	24.0	22.2	21.0	24.6	23.0	22.9	21.5	21.5	19.9	22.1	23.0	23.7	
Denmark	19.1	18.7	19.4	17.4	23.2	22.8	23.3	23.7	23.8	23.2	23.4	22.7	
Oman	14.3	15.1	16.4	16.6	17.8	18.0	15.5	15.8	17.5	15.9	17.7	19.4	
Iraq	14.0	13.9	15.4	15.2	15.3	15.2	15.3	14.7	15.2	13.4	17.1	19.4	
Vietnam	13.8	13.5	13.6	13.5	13.3	13.4	13.5	12.1	12.0	12.1	12.0	12.1	
Malaysia	13.2	13.3	14.2	14.0	13.6	13.9	13.5	13.3	13.1	12.4	10.3	9.7	
Peru	12.2	12.2	12.5	12.4	13.0	12.7	12.5	12.7	12.8	11.8	11.5	12.4	
Finland	11.2	10.9	11.3	10.6	10.0	10.3	10.0	9.6	9.7	9.2	9.0	9.2	
All Other	248.5	238.0	247.8	239.0	239.6	241.2	244.2	245.6	247.0	251.0	254.5	256.2	
Grand Total	6002.8	5953.0	6043.6	6155.9	6197.1	6248.1	6279.1	6208.3	6236.7	6284.4	6241.5	6182.4	
													
Of which:													
  For. Official	3813.4	3768.2	3839.2	3899.4	3946.4	4008.3	4034.7	4022.2	4043.9	4069.2	4079.8	4092.1	
    Treasury Bills	297.7	295.6	295.1	292.1	272.8	276.6	272.5	281.6	284.9	303.0	319.0	329.6	
    T-Bonds & Notes	3515.8	3472.7	3544.1	3607.3	3673.6	3731.7	3762.2	3740.7	3759.0	3766.1	3760.8	3762.5	
													
													
	Dec	Nov	Oct	Sep	Aug	Jul	Jun	May	Apr	Mar	Feb	Jan	
Country	2015	2015	2015	2015	2015	2015	2015	2015	2015	2015	2015	2015	
	------	------	------	------	------	------	------	------	------	------	------	------	
"China, Mainland"	1246.1	1264.5	1254.8	1258.0	1270.5	1268.8	1271.2	1270.3	1263.4	1261.0	1223.7	1239.1	
Japan	1122.4	1144.9	1149.2	1177.1	1197.0	1200.8	1197.1	1214.9	1215.9	1224.7	1224.4	1238.6	
Ireland	264.4	246.0	232.4	222.0	215.9	216.1	217.7	209.0	215.7	214.3	206.5	203.7	
Brazil	254.8	255.0	255.0	251.6	255.3	257.9	256.3	258.5	262.7	261.5	259.9	256.5	
Cayman Islands	249.8	236.5	226.0	224.3	228.4	224.5	221.1	216.1	203.3	201.8	194.8	191.2	
Switzerland	231.7	227.1	225.6	227.6	222.7	218.4	217.0	222.7	215.8	211.8	201.7	205.5	
United Kingdom	207.1	204.5	200.6	203.9	213.2	203.4	205.3	190.2	185.8	190.2	183.2	197.8	
Hong Kong	200.1	196.5	197.0	198.6	193.2	182.8	181.3	186.3	183.1	180.7	175.4	170.8	
Luxembourg	199.6	193.0	188.2	191.0	184.8	185.2	183.4	177.0	171.0	176.7	179.2	176.0	
Taiwan	178.7	177.5	178.1	178.1	172.5	172.4	175.6	174.2	170.3	168.2	165.9	170.6	
Belgium	121.7	143.6	138.3	135.8	110.7	155.5	207.7	202.8	228.9	252.8	345.3	354.6	
Saudi Arabia	118.9	114.7	113.0	112.3	112.8	110.1	109.5	107.2	105.1	102.8	101.4	100.8	
India	116.8	115.4	116.6	113.5	115.6	116.4	117.0	114.0	110.3	107.7	101.7	91.2	
Singapore	110.3	108.3	111.6	122.9	116.0	112.7	113.6	110.3	109.7	110.6	109.7	109.7	
Russia	92.1	88.0	82.0	89.1	89.9	82.1	72.0	70.6	66.5	69.9	69.6	82.2	
"Korea, South"	74.6	72.6	69.1	69.4	72.1	74.4	76.7	74.3	71.8	67.2	63.8	65.6	
Germany	74.6	83.9	81.6	83.4	80.2	80.0	74.7	76.0	76.3	72.2	68.6	69.6	
Canada	72.4	68.3	66.8	69.2	66.8	69.2	68.1	70.9	72.0	73.1	70.5	69.7	
Mexico	72.2	68.0	72.5	78.7	79.9	85.9	86.2	86.4	87.4	85.0	82.2	85.8	
United Arab Emirates	69.5	68.2	71.5	70.9	71.2	72.8	71.4	72.5	72.8	79.5	82.1	77.9	
Norway	69.1	69.7	70.1	69.8	69.4	66.5	67.2	64.8	66.6	71.6	73.2	73.6	
Turkey	64.6	67.1	61.9	68.9	72.9	75.4	75.8	78.5	77.8	76.2	79.5	82.4	
Bermuda	59.8	57.9	56.4	56.5	55.9	53.8	53.7	53.8	53.3	52.0	50.9	47.5	
France	59.6	56.9	49.7	49.8	56.2	49.3	53.8	51.1	74.9	80.4	70.2	75.5	
Netherlands	49.1	45.2	44.6	39.8	38.7	39.2	36.7	37.1	37.6	38.7	36.6	36.9	
Philippines	43.0	42.8	41.7	41.9	41.1	40.8	39.9	39.0	39.4	39.1	39.8	40.8	
Sweden	39.4	39.6	40.2	40.2	40.8	40.7	40.0	39.1	38.9	38.6	38.7	38.3	
Thailand	39.1	36.3	34.5	31.9	34.2	32.7	31.4	31.0	29.0	31.0	34.0	33.3	
Colombia	36.8	36.7	35.9	36.8	37.2	36.8	37.6	36.7	35.4	35.2	35.9	35.9	
Spain	36.2	35.2	33.8	34.5	34.5	31.7	31.5	31.2	31.4	32.4	29.4	27.1	
Italy	34.6	34.1	34.6	33.9	32.0	32.0	32.9	32.9	32.7	32.5	31.7	32.5	
Kuwait	31.4	31.4	30.2	30.7	30.8	31.2	31.0	30.9	32.4	32.1	31.6	31.8	
Australia	30.6	30.2	27.6	31.3	29.4	30.9	34.0	32.1	33.8	36.3	34.8	33.0	
Poland	30.2	29.8	30.2	28.4	27.6	27.9	28.2	28.5	27.6	28.3	29.3	29.6	
Chile	27.3	27.9	27.7	27.8	28.3	29.2	29.0	28.5	28.3	28.6	25.7	25.2	
Kazakhstan	22.6	24.8	23.8	25.4	24.9	24.4	28.4	28.5	27.1	29.7	32.0	31.3	
Denmark	21.1	19.0	18.4	18.4	17.8	18.3	17.1	17.3	16.4	16.6	16.6	17.0	
Israel	20.8	18.1	16.2	17.4	14.9	16.3	20.0	19.9	20.9	22.0	23.5	24.6	
Indonesia	20.6	18.8	18.6	19.0	20.1	20.3	20.8	21.4	21.1	23.7	23.3	23.5	
Oman	20.0	22.5	23.4	21.4	21.3	23.2	22.6	23.3	24.0	22.4	22.5	22.2	
Iraq	19.4	20.8	22.6	25.1	25.6	29.0	30.1	29.3	27.6	27.2	25.9	24.9	
Peru	12.5	11.6	11.2	11.3	11.5	11.3	11.6	10.9	10.8	11.2	10.8	10.3	
Vietnam	12.3	12.4	12.6	12.6	12.9	13.3	13.6	13.7	13.4	13.7	13.9	14.0	
South Africa	10.2	10.0	9.7	10.6	10.4	9.4	9.4	8.8	10.3	8.8	9.2	9.5	
All Other	256.2	248.3	239.6	243.2	242.4	244.4	241.7	242.7	239.2	232.6	234.7	241.3	
Grand Total	6144.2	6123.4	6045.3	6104.0	6099.6	6117.4	6161.0	6134.8	6137.9	6172.6	6163.4	6218.7	
													
Of which:													
  For. Official	4091.6	4114.6	4097.2	4145.6	4175.9	4171.6	4176.8	4173.3	4144.9	4138.6	4097.4	4134.7	
    Treasury Bills	336.7	326.4	307.3	328.0	355.7	359.2	368.3	376.9	367.6	364.5	351.4	340.1	
    T-Bonds & Notes	3755.0	3788.2	3790.0	3817.6	3820.2	3812.4	3808.5	3796.4	3777.3	3774.1	3746.0	3794.6	
													
													
	Dec	Nov	Oct	Sep	Aug	Jul	Jun	May	Apr	Mar	Feb	Jan	
Country	2014	2014	2014	2014	2014	2014	2014	2014	2014	2014	2014	2014	
	------	------	------	------	------	------	------	------	------	------	------	------	
"China, Mainland"	1244.3	1250.4	1252.7	1266.3	1269.7	1264.9	1268.4	1270.9	1263.2	1272.1	1272.9	1275.6	
Japan	1230.9	1241.5	1222.4	1221.8	1230.1	1219.0	1219.3	1220.1	1209.7	1200.2	1210.8	1201.4	
Belgium	335.4	335.7	348.1	353.9	359.9	352.6	364.1	362.4	366.4	381.4	341.2	310.3	
Brazil	255.8	264.2	261.7	262.3	261.7	258.6	253.7	250.1	245.8	245.3	243.9	246.0	
Ireland	202.0	193.9	188.5	178.8	176.1	174.7	177.1	170.0	174.3	173.3	171.4	166.2	
Switzerland	190.1	183.8	184.3	186.2	189.1	184.1	175.9	174.0	177.6	175.8	168.1	173.8	
Cayman Islands	187.9	182.6	175.3	169.3	165.2	169.4	169.8	167.6	162.3	167.8	159.5	162.4	
United Kingdom	179.7	163.3	160.0	157.7	162.4	161.5	161.7	166.9	172.0	163.5	164.6	151.2	
Taiwan	174.4	170.6	172.9	173.4	172.9	175.4	179.4	174.4	175.7	176.4	180.0	179.1	
Hong Kong	172.6	165.6	161.0	159.0	160.5	158.7	157.6	155.2	154.5	155.1	160.4	160.3	
Luxembourg	171.8	166.6	162.5	156.1	150.5	145.6	145.3	141.5	141.2	144.8	136.9	135.5	
Singapore	110.0	110.1	108.0	108.5	106.3	101.0	98.1	97.5	93.1	91.3	87.4	85.9	
Saudi Arabia	97.9	93.5	93.9	93.4	92.9	92.5	90.9	87.9	84.9	82.7	79.5	80.4	
Russia	86.0	108.1	108.9	117.7	118.1	114.5	113.9	111.4	116.4	100.4	126.2	131.8	
Mexico	84.8	80.7	78.5	76.5	75.2	73.5	72.8	72.8	70.6	68.9	68.9	67.2	
India	83.0	80.5	77.5	80.0	80.4	79.7	72.9	70.1	68.7	70.2	67.0	68.1	
Norway	81.6	74.5	77.2	81.8	87.0	84.8	87.1	85.3	85.6	88.2	89.7	88.2	
France	79.2	67.3	59.7	72.3	59.0	54.8	63.1	65.4	62.3	57.1	54.9	57.5	
Turkey	77.0	80.5	75.7	74.7	73.4	54.9	52.8	53.2	50.5	50.9	49.6	48.9	
United Arab Emirates	75.3	74.9	72.5	72.1	59.7	52.8	52.7	51.1	43.0	43.6	42.1	41.1	
Germany	72.7	73.0	72.5	75.0	69.4	65.0	68.0	62.8	63.0	63.0	61.3	63.9	
Canada	69.0	64.1	62.5	64.6	64.9	66.3	66.2	62.8	60.7	60.2	59.4	55.5	
"Korea, South"	68.3	55.4	57.3	54.5	56.9	56.1	57.5	56.3	55.3	52.7	56.7	55.6	
Bermuda	49.2	52.0	54.0	51.3	50.0	48.8	48.2	48.1	52.8	53.2	51.6	51.1	
Philippines	40.6	40.5	39.7	35.2	34.6	34.1	34.6	34.5	33.9	38.6	39.5	38.7	
Sweden	39.6	39.0	38.9	36.0	36.3	35.0	34.9	35.2	35.0	34.8	34.4	34.9	
Netherlands	36.2	36.2	36.3	35.6	33.6	39.5	36.3	30.6	36.2	35.1	33.2	32.3	
Colombia	34.7	35.9	35.2	33.8	34.8	33.1	33.5	33.1	32.9	32.9	30.5	32.9	
Australia	34.5	34.3	33.4	35.4	33.9	34.9	35.3	33.8	31.2	31.8	31.7	31.0	
Thailand	33.2	36.1	36.4	33.5	40.8	45.1	41.3	45.6	46.9	48.1	47.4	47.8	
Kuwait	32.1	32.1	37.4	31.8	31.9	31.5	32.3	32.3	39.3	29.7	29.6	29.6	
Italy	31.9	31.6	30.6	29.5	30.8	30.8	31.3	31.2	32.0	31.0	30.8	30.4	
Kazakhstan	31.6	35.1	35.4	35.0	36.1	35.8	35.1	34.4	32.7	30.8	30.3	29.8	
Spain	27.7	25.2	21.1	21.7	21.8	22.3	23.2	21.8	22.3	22.9	23.1	23.2	
Poland	27.7	27.6	28.0	28.5	29.4	29.6	29.5	29.9	30.5	30.3	30.7	31.2	
Iraq	26.4	26.2	25.7	24.6	25.6	25.1	26.4	27.3	29.6	31.6	33.9	36.5	
Chile	25.5	24.1	24.7	26.4	27.0	26.7	27.2	26.8	26.4	28.5	27.9	27.1	
Israel	25.2	26.1	26.7	26.5	26.4	25.9	26.1	26.5	26.1	26.2	26.0	24.2	
Indonesia	24.3	21.1	22.8	25.1	23.2	23.5	23.9	22.9	22.2	22.0	22.7	23.9	
Oman	21.4	20.3	19.2	19.5	19.8	21.9	21.2	21.0	20.7	20.2	19.4	18.9	
Denmark	16.7	16.0	16.3	16.2	16.2	16.0	16.0	16.1	15.3	14.4	13.8	14.1	
Vietnam	14.0	13.7	13.3	13.7	14.6	14.4	14.4	14.4	14.2	13.4	10.4	10.6	
Peru	10.9	10.4	10.4	11.2	11.4	11.8	12.8	12.6	13.0	13.3	13.3	13.8	
Uruguay	10.5	8.6	7.9	7.7	7.6	7.4	7.7	7.1	7.4	8.2	9.3	9.5	
All Other	234.4	241.7	235.3	234.9	241.8	248.8	259.6	259.8	262.2	266.8	248.0	243.9	
Grand Total	6158.0	6114.8	6062.0	6069.2	6069.2	6002.6	6018.7	5974.5	5959.4	5948.3	5890.1	5841.3	
													
Of which:													
  For. Official	4122.6	4142.6	4132.9	4148.0	4163.6	4117.6	4108.2	4092.2	4067.5	4053.8	4069.3	4068.0	
    Treasury Bills	335.3	342.0	337.1	325.4	338.6	332.7	341.0	361.2	364.4	383.8	388.5	394.0	
    T-Bonds & Notes	3787.3	3800.6	3795.8	3822.6	3825.0	3784.9	3767.2	3731.0	3703.1	3670.0	3680.9	3674.0	
													
													
	Dec	Nov	Oct	Sep	Aug	Jul	Jun	May	Apr	Mar	Feb	Jan	
Country	2013	2013	2013	2013	2013	2013	2013	2013	2013	2013	2013	2013	
	------	------	------	------	------	------	------	------	------	------	------	------	
"China, Mainland"	1270.1	1316.7	1304.5	1293.8	1268.1	1279.3	1275.8	1297.3	1290.7	1270.3	1251.9	1214.2	
Japan	1182.5	1186.4	1174.4	1178.1	1149.1	1135.4	1083.3	1103.7	1112.7	1114.3	1105.5	1103.9	
Belgium	256.8	200.6	180.3	172.5	166.8	167.7	176.2	175.2	185.5	188.4	187.3	185.6	
Brazil	245.4	246.9	246.7	249.2	252.9	256.4	253.7	255.2	253.1	257.9	256.5	254.1	
Taiwan	182.2	183.7	184.5	185.9	183.6	185.8	186.1	188.8	185.7	188.9	190.0	192.7	
Ireland	179.6	116.9	110.9	111.3	120.0	117.9	121.2	120.5	120.5	113.5	109.6	108.5	
Switzerland	176.7	176.6	174.3	177.2	181.2	178.2	180.3	182.6	185.8	183.6	186.9	190.0	
Cayman Islands	162.5	154.8	154.4	158.8	153.2	147.4	152.3	154.1	156.5	156.3	152.4	146.1	
Hong Kong	158.8	141.7	137.3	126.5	126.5	120.0	124.2	136.4	141.2	146.6	144.7	142.9	
United Kingdom	152.2	150.4	148.3	148.4	148.6	148.8	155.0	149.2	153.2	148.6	131.1	129.0	
Russia	138.6	139.9	149.9	140.5	136.0	131.6	138.0	143.4	149.4	153.0	164.9	164.4	
Luxembourg	134.6	130.4	133.3	141.1	143.8	146.8	150.5	143.2	149.7	154.5	151.2	147.6	
Norway	87.3	82.3	78.4	72.2	71.7	74.6	75.7	73.7	74.9	76.4	77.0	76.5	
Singapore	86.2	87.2	86.3	80.3	79.4	81.5	85.4	85.8	92.3	98.0	109.5	103.7	
Saudi Arabia	78.0	79.2	83.6	82.3	80.9	81.8	79.8	79.5	78.0	78.6	76.5	77.2	
India	68.5	63.9	59.9	56.8	57.0	58.9	61.2	59.9	55.8	55.0	56.8	58.5	
Germany	67.3	64.3	60.7	61.9	58.7	56.3	58.9	61.9	62.2	64.2	65.1	60.5	
Mexico	65.1	59.5	61.8	63.8	60.4	63.3	61.8	58.4	57.0	57.1	64.3	62.6	
Canada	55.9	57.0	58.0	62.4	60.4	65.6	65.0	60.7	66.2	64.4	65.5	61.7	
"Korea, South"	54.0	46.4	50.6	55.5	50.0	51.4	51.2	52.9	53.1	53.1	50.6	48.1	
France	53.8	51.6	57.7	54.5	51.9	49.8	51.8	60.2	50.6	56.4	53.1	52.2	
Turkey	52.2	53.4	51.5	54.3	58.4	55.0	59.1	60.2	60.4	56.7	55.9	57.7	
Bermuda	51.7	112.9	114.5	117.5	123.6	117.1	115.3	105.2	103.8	102.0	104.0	101.7	
Thailand	51.7	49.8	44.5	38.9	40.1	43.7	50.2	54.4	59.3	68.4	65.3	61.6	
Philippines	40.2	40.0	39.2	38.1	38.6	38.9	37.1	39.0	39.3	39.7	39.6	39.6	
United Arab Emirates	39.5	38.9	34.4	35.1	36.3	38.4	40.2	40.2	42.7	46.0	41.1	44.2	
Netherlands	37.0	29.9	30.4	32.2	31.0	30.4	31.4	30.0	27.3	30.4	30.3	31.7	
Iraq	35.2	33.2	34.1	37.8	38.7	44.1	45.4	46.9	49.6	45.7	45.3	49.2	
Sweden	33.9	33.6	32.6	32.6	33.4	32.5	32.7	32.4	32.1	32.8	30.2	28.6	
Australia	33.8	33.7	34.1	34.2	32.9	33.1	35.4	34.6	35.8	29.4	28.9	28.6	
Colombia	33.0	34.0	32.9	33.4	33.0	33.1	32.7	32.0	30.9	31.2	29.5	30.3	
Poland	30.9	31.4	31.2	30.8	32.0	32.1	31.4	31.4	31.6	31.2	31.2	31.8	
Italy	30.3	30.2	29.4	28.8	28.8	27.5	28.5	27.2	28.1	28.5	28.8	28.4	
Kazakhstan	29.2	29.1	28.2	27.0	27.8	27.6	25.1	24.9	23.1	23.7	30.0	29.5	
Kuwait	28.8	28.2	28.2	28.0	27.9	28.6	28.5	30.6	34.8	29.0	28.3	28.2	
Chile	26.1	25.9	26.2	26.7	28.0	29.2	29.6	31.1	32.1	31.9	33.6	32.8	
Israel	23.7	20.0	21.6	21.9	23.1	21.2	24.4	26.6	24.5	23.7	23.1	23.1	
Spain	23.0	22.8	22.6	21.5	22.1	21.9	22.1	23.0	23.0	23.5	24.5	25.1	
Indonesia	22.5	20.9	20.2	20.1	20.9	22.3	22.0	22.7	24.8	24.1	24.3	25.1	
Oman	19.4	19.6	19.8	20.1	19.8	20.4	20.9	20.5	20.0	19.5	19.7	17.9	
Peru	14.8	14.2	14.1	14.5	15.0	15.4	16.2	16.1	15.9	16.0	15.7	15.6	
Denmark	14.5	12.6	11.5	11.6	13.3	13.0	13.5	13.3	13.7	14.0	13.9	14.1	
Malaysia	11.8	11.8	11.8	12.4	13.9	15.9	16.8	17.6	17.6	18.6	18.8	19.3	
South Africa	11.3	11.7	10.6	13.8	13.2	13.8	13.7	13.6	13.6	13.4	13.3	13.1	
Uruguay	10.7	9.0	9.0	8.7	9.0	8.0	7.7	9.0	8.2	8.7	8.6	8.5	
All Other	231.3	233.4	226.5	239.9	234.8	230.9	227.7	233.1	243.5	257.8	256.7	256.7	
Grand Total	5792.6	5716.8	5655.1	5652.8	5595.8	5592.8	5595.0	5658.1	5709.7	5725.0	5691.1	5622.1	
													
Of which:													
  For. Official	4054.6	4074.2	4052.3	4015.4	3974.5	3996.1	4012.2	4075.9	4080.0	4093.8	4100.4	4048.9	
    Treasury Bills	398.4	384.2	378.6	370.6	373.2	363.0	362.7	379.8	399.2	404.0	385.6	377.1	
    T-Bonds & Notes	3656.2	3690.1	3673.7	3644.8	3601.3	3633.2	3649.5	3696.1	3680.8	3689.7	3714.9	3671.8	
													
													
	Dec	Nov	Oct	Sep	Aug	Jul	Jun	May	Apr	Mar	Feb	Jan	
Country	2012	2012	2012	2012	2012	2012	2012	2012	2012	2012	2012	2012	
	------	------	------	------	------	------	------	------	------	------	------	------	
"China, Mainland"	1220.4	1183.1	1169.9	1153.6	1155.2	1160.0	1147.0	1164.0	1164.4	1144.0	1155.2	1166.2	
Japan	1111.2	1117.7	1131.9	1128.5	1120.9	1119.8	1108.4	1107.2	1087.9	1080.4	1088.6	1080.8	
Brazil	253.3	255.9	254.1	251.2	259.8	256.5	244.3	245.8	245.9	238.1	228.4	228.2	
Taiwan	195.4	199.1	197.2	201.7	199.5	194.4	196.4	190.0	187.4	190.1	183.6	178.5	
Switzerland	195.4	192.7	187.8	193.5	191.7	184.8	172.4	155.2	150.4	150.4	145.1	145.8	
Russia	161.5	166.2	171.1	163.5	162.9	156.2	163.8	156.3	155.4	151.1	144.8	145.7	
Luxembourg	154.7	148.0	144.3	147.5	138.6	134.8	137.7	131.2	128.9	137.5	137.1	136.5	
Cayman Islands	142.1	140.0	147.7	138.5	142.3	129.7	127.9	126.3	123.3	123.6	122.2	119.5	
Hong Kong	141.9	141.2	138.5	137.1	141.7	137.1	136.0	144.1	145.2	140.5	141.5	134.2	
Belgium	138.8	138.5	136.4	133.2	130.2	141.3	144.5	132.1	132.1	141.4	125.0	131.5	
United Kingdom	123.0	124.9	125.7	129.8	129.3	127.7	129.6	131.4	131.0	118.6	113.6	109.7	
Ireland	103.1	97.4	95.3	94.3	91.8	90.6	88.7	91.5	93.0	92.2	94.1	83.9	
Singapore	99.3	95.7	97.4	94.4	96.9	96.4	86.9	83.5	83.1	85.2	84.7	75.1	
Bermuda	98.7	97.1	100.4	98.3	97.8	92.1	86.8	87.5	83.3	82.3	80.1	73.1	
Saudi Arabia	77.6	76.8	76.9	75.3	75.9	77.2	76.0	76.6	78.9	78.2	76.5	74.9	
Norway	75.1	75.6	75.5	73.9	71.4	68.2	68.6	67.9	64.8	60.9	59.3	57.2	
Canada	66.2	59.8	58.3	60.6	61.3	61.3	52.9	55.9	64.0	54.3	53.5	47.3	
Germany	63.2	65.3	63.9	65.5	66.1	66.5	64.0	65.1	62.8	64.6	60.7	60.9	
Mexico	61.1	60.5	59.2	56.5	57.2	53.9	51.6	45.8	40.9	35.9	31.8	30.1	
India	59.5	58.8	59.6	59.7	60.6	59.3	53.8	50.0	49.3	46.7	44.1	42.8	
Turkey	57.6	55.6	51.6	42.6	34.6	30.3	29.1	27.1	28.1	30.4	30.1	27.4	
Thailand	53.6	56.9	58.6	64.3	58.7	53.0	53.1	53.5	52.2	54.7	54.3	54.5	
France	51.4	59.0	58.7	59.3	52.9	55.2	49.1	50.6	49.8	45.9	39.7	42.5	
Iraq	49.4	47.2	48.3	48.4	46.9	47.8	48.9	44.7	45.2	44.1	43.8	41.1	
"Korea, South"	47.6	45.0	42.2	42.1	44.1	46.5	44.5	46.3	43.9	42.7	50.8	49.9	
United Arab Emirates	43.7	42.9	45.8	50.9	53.1	53.2	53.8	47.4	48.3	50.0	52.9	54.0	
Philippines	36.8	36.8	36.9	37.0	37.1	36.9	35.4	36.5	36.8	37.1	37.1	35.7	
Chile	33.0	32.1	30.9	30.3	30.1	29.7	26.7	26.4	24.5	21.9	22.5	22.3	
Netherlands	32.0	29.9	30.7	27.0	27.4	25.8	26.2	26.2	24.8	23.4	23.6	24.3	
Poland	31.5	30.8	30.4	30.0	29.4	28.8	29.9	28.4	28.4	27.5	27.3	28.7	
Colombia	30.2	30.2	29.9	29.3	27.9	27.6	27.1	26.5	26.9	26.7	25.1	25.2	
Kazakhstan	28.1	30.3	28.9	29.9	29.7	28.4	28.9	31.1	25.4	33.5	31.7	29.3	
Kuwait	28.0	27.9	27.5	27.6	27.3	27.5	26.6	26.8	25.0	24.0	24.0	23.3	
Sweden	27.8	28.5	29.0	27.6	28.0	28.5	27.8	27.4	27.6	27.6	28.5	29.2	
Italy	27.5	28.3	28.0	27.6	27.5	27.7	27.5	27.1	26.5	24.1	23.3	22.7	
Spain	27.4	25.8	25.3	25.5	24.2	24.5	26.6	21.7	21.2	21.1	21.3	23.7	
Australia	27.4	29.0	26.7	25.7	27.6	26.7	25.3	29.7	25.8	22.5	23.4	22.1	
Indonesia	26.0	26.8	27.5	28.0	29.6	28.3	31.6	32.5	31.4	32.3	36.3	38.2	
Israel	24.1	26.2	28.9	25.8	25.0	23.1	24.6	24.9	23.8	22.9	23.1	22.8	
Malaysia	19.3	19.5	19.5	19.4	19.6	20.1	20.3	20.3	20.1	20.5	20.9	20.6	
Oman	17.7	17.9	17.5	17.7	17.8	17.0	17.0	16.7	17.6	18.0	21.6	23.6	
Peru	14.5	13.7	13.4	11.9	11.5	11.9	11.8	11.4	10.5	10.1	8.9	8.9	
Denmark	13.8	14.7	14.9	15.2	15.8	15.6	15.3	15.1	14.6	15.4	15.4	15.9	
South Africa	13.1	13.0	12.8	13.0	12.8	13.0	13.2	12.6	12.3	12.2	12.9	12.9	
All Other	271.0	275.7	272.0	263.8	257.8	244.1	253.2	247.3	251.7	240.3	234.0	233.5	
Grand Total	5573.8	5538.2	5526.7	5476.1	5447.4	5378.7	5310.9	5265.3	5214.5	5145.1	5102.7	5054.3	
													
Of which:													
  For. Official	4032.8	4009.0	3984.3	3958.1	3957.1	3917.4	3857.9	3828.6	3783.4	3722.6	3712.9	3688.3	
    Treasury Bills	372.7	383.5	379.4	383.8	373.0	356.9	364.5	362.1	347.9	358.2	362.5	350.4	
    T-Bonds & Notes	3660.1	3625.5	3604.9	3574.4	3584.1	3560.6	3493.4	3466.5	3435.5	3364.3	3350.4	3337.8	
													
													
	Series 17/	Series					Series 16/	Series					
	 XIII	 XII					 XII	 XI					
	Dec	Nov	Oct	Sep	Aug	Jul	Jun	Jun	May	Apr	Mar	Feb	Jan
Country	2011	2011	2011	2011	2011	2011	2011	2011	2011	2011	2011	2011	2011
	------	------	------	------	------	------	------	------	------	------	------	------	------
"China, Mainland"	1151.9	1254.6	1256.0	1270.2	1278.5	1314.9	1307.0	1165.5	1159.8	1152.5	1144.9	1154.1	1154.7
Japan	1058.1	1066.2	1006.2	984.0	906.7	884.9	881.5	911.1	912.4	906.7	908.1	890.4	886.0
Oil Exporters 3/	260.8	254.1	248.3	252.4	246.0	243.9	242.6	233.1	230.0	221.6	222.5	219.0	215.5
Carib Bnkng Ctrs 4/	227.2	223.3	213.2	210.9	210.4	177.9	196.3	147.1	154.0	140.8	155.4	168.6	165.3
Brazil	226.9	226.6	229.4	226.4	219.2	219.1	216.2	207.1	211.4	206.9	193.5	194.3	191.2
Taiwan	177.3	166.9	167.4	166.6	143.5	147.6	146.6	153.4	153.5	154.6	156.1	156.0	157.3
Russia	149.5	145.1	147.5	149.9	138.1	141.7	151.7	110.7	115.2	125.4	127.8	130.5	139.3
Luxembourg	147.5	127.2	126.6	128.0	114.7	114.1	121.7	69.0	66.7	76.2	79.8	77.2	79.1
Switzerland	142.4	126.2	144.0	158.3	157.6	118.5	118.1	108.0	108.3	106.2	108.8	107.7	106.1
Belgium	135.2	133.2	132.4	132.1	87.1	86.6	88.8	33.6	31.4	31.6	32.2	31.9	32.1
Hong Kong	121.7	107.9	113.3	111.6	102.0	105.9	112.4	118.4	121.6	121.9	121.6	123.9	127.6
United Kingdom 2/	114.3	125.2	107.1	117.5	181.2	141.0	135.7	347.0	344.5	333.2	326.2	296.7	277.6
Ireland	95.2	70.2	66.7	62.9	51.4	52.2	53.9	36.1	33.5	40.0	43.8	41.8	44.2
Singapore	75.1	70.0	70.7	70.5	61.0	65.7	64.4	61.7	57.1	59.8	55.1	65.1	55.8
Germany	60.7	67.8	68.0	66.0	62.1	63.0	63.8	62.4	61.7	61.7	60.2	58.3	61.0
Norway	56.7	40.3	37.0	39.6	28.1	23.7	26.5	20.4	21.1	21.1	21.4	20.8	19.4
Thailand	51.6	56.0	49.9	49.0	47.6	58.4	55.8	62.6	59.8	60.7	57.1	57.6	56.5
"Korea, South"	47.3	42.1	42.7	38.5	36.3	33.4	33.9	29.9	32.5	30.8	32.5	31.2	31.9
Canada	45.1	48.7	46.4	45.1	46.6	46.8	44.7	86.8	93.1	90.1	93.7	93.2	85.5
France	44.7	59.4	53.7	43.4	60.9	45.6	45.4	40.0	37.2	24.8	21.1	30.0	30.0
India	43.5	38.4	40.1	41.2	40.1	40.3	41.3	38.9	41.0	42.1	39.8	40.3	40.6
Philippines	32.7	31.7	32.2	32.2	30.0	30.0	27.6	22.7	23.8	24.1	23.4	22.7	22.8
Turkey	32.0	40.2	40.5	40.7	40.1	42.8	42.8	41.9	39.3	37.9	36.2	34.3	32.9
Mexico	29.4	31.7	31.0	31.4	29.9	31.1	31.2	29.3	27.7	26.7	28.1	34.6	34.5
Sweden	28.9	30.4	30.8	30.9	28.4	28.4	28.4	21.3	20.9	21.4	21.3	17.7	17.0
Poland	28.5	27.9	28.6	29.6	31.2	31.9	31.1	28.5	27.9	27.4	28.4	27.3	26.3
Spain	24.0	16.3	14.1	13.1	13.3	14.4	12.4	7.2	7.5	7.3	8.1	8.5	8.4
Colombia	23.5	20.0	21.8	21.4	19.8	18.8	18.9	20.1	19.9	19.8	20.2	20.1	19.8
Chile	23.0	24.9	24.7	22.2	22.0	19.6	20.0	23.1	21.9	18.6	16.7	16.0	15.0
Italy	22.8	21.2	21.5	21.7	20.7	21.3	20.7	23.7	25.4	24.8	24.2	24.3	24.6
Australia	21.8	24.1	24.7	23.4	18.9	20.4	21.3	14.0	12.4	13.1	10.3	12.6	14.6
Netherlands	21.7	24.1	24.4	25.3	23.1	23.6	24.2	23.7	23.8	23.7	25.3	25.1	25.4
Malaysia	20.6	18.5	17.7	17.0	15.4	15.3	14.0	12.0	12.7	12.2	11.2	11.3	11.3
Israel	19.3	19.4	19.3	20.3	22.0	20.9	21.9	18.3	19.1	19.3	18.9	19.8	19.9
Denmark	16.5	13.6	13.6	13.9	12.0	10.8	10.7	8.2	9.9	9.4	9.3	9.1	8.7
South Africa	12.1	11.3	11.5	10.9	11.0	10.1	10.1	7.8	6.7	7.5	8.4	9.5	9.8
All Other	214.7	203.8	198.4	194.0	206.4	203.5	206.9	189.1	191.7	194.6	189.6	185.3	188.0
Grand Total	5004.4	5008.8	4921.7	4912.1	4763.3	4667.9	4690.6	4533.6	4536.6	4496.5	4481.4	4466.9	4435.4
													
Of which:													
  For. Official	3620.6	3628.5	3600.7	3619.5	3517.2	3509.6	3514.6	3242.0	3242.8	3219.6	3183.3	3193.3	3184.1
    Treasury Bills	357.2	378.7	374.5	387.3	409.2	392.0	411.1	411.1	423.2	421.7	414.9	432.4	438.9
    T-Bonds & Notes	3263.4	3249.9	3226.2	3232.2	3108.0	3117.6	3103.5	2830.9	2819.6	2798.0	2768.4	2760.9	2745.2
													
													
							Series 15/	Series					
							 XI	 X					
	Dec	Nov	Oct	Sep	Aug	Jul	Jun	Jun	May	Apr	Mar	Feb	Jan
Country	2010	2010	2010	2010	2010	2010	2010	2010	2010	2010	2010	2010	2010
	------	------	------	------	------	------	------	------	------	------	------	------	------
"China, Mainland"	1160.1	1164.1	1175.3	1151.9	1136.8	1115.1	1112.1	843.7	867.7	900.2	895.2	877.5	889.0
Japan	882.3	875.9	873.6	860.8	832.4	817.2	799.9	801.2	784.8	793.8	783.3	768.2	765.2
United Kingdom 2/	269.0	240.9	207.3	188.6	178.9	104.9	94.5	363.6	350.7	321.1	279.0	233.5	208.3
Oil Exporters 3/	211.9	204.3	208.0	224.6	220.5	217.8	210.2	216.3	228.6	232.9	223.4	211.9	211.9
Brazil	179.7	189.8	183.0	181.0	170.5	167.7	163.8	158.5	161.5	164.4	164.5	170.9	169.0
Carib Bnkng Ctrs 4/	165.9	156.4	143.7	155.5	170.3	162.0	179.0	166.0	166.4	153.3	148.3	144.4	143.7
Taiwan	155.2	154.4	154.5	153.3	153.4	153.8	151.9	128.6	126.2	126.9	124.8	121.4	119.6
Russia	151.0	167.3	176.3	173.3	173.7	175.7	168.2	123.4	126.8	113.1	120.1	120.2	124.2
Hong Kong	133.1	133.4	133.8	131.0	133.0	130.2	137.0	141.0	145.7	151.8	150.9	152.4	146.6
Switzerland	105.4	104.6	105.7	107.5	110.1	106.3	106.5	100.1	84.4	80.0	78.8	81.8	84.4
Luxembourg	83.5	76.8	73.2	80.8	74.0	93.4	97.6	96.6	75.6	76.9	83.9	77.8	79.1
Canada	74.7	74.8	65.2	55.6	43.9	41.8	35.9	93.7	84.8	81.9	77.1	67.1	54.7
Singapore	70.4	59.6	63.8	54.1	52.5	52.1	53.3	50.5	40.6	42.4	45.5	42.6	41.3
Germany	60.5	58.6	58.2	57.9	56.8	55.3	52.2	54.0	55.8	54.8	53.7	50.0	49.0
Thailand	52.0	52.2	52.7	50.4	47.3	40.8	35.7	49.3	46.3	46.9	43.5	42.1	33.3
Ireland	45.7	49.8	48.7	51.4	49.2	50.8	55.7	48.3	48.0	45.7	43.3	38.7	39.2
India	40.5	39.7	40.1	40.0	37.9	38.4	35.4	36.4	29.3	31.0	32.0	31.6	32.7
"Korea, South"	36.2	39.8	39.4	38.7	39.9	37.6	37.0	38.7	37.8	38.7	40.1	39.8	39.7
Mexico	33.6	32.6	34.8	36.9	36.2	33.5	33.1	33.2	34.2	33.2	36.1	34.0	34.4
Belgium	33.2	33.4	33.4	33.8	51.9	34.3	34.8	17.2	17.6	18.5	17.1	17.0	17.4
Turkey	28.9	29.1	27.8	27.8	29.7	26.7	25.7	25.5	27.6	27.9	28.7	27.3	27.5
Egypt	26.0	29.8	30.5	30.6	29.2	25.9	25.0	29.4	28.0	21.1	21.4	21.7	19.4
Poland	25.5	27.2	28.8	28.4	26.6	24.8	25.7	23.2	23.4	24.6	23.4	22.6	22.3
Italy	23.7	23.6	23.7	24.1	23.6	23.2	22.7	20.1	20.8	20.3	20.5	20.9	21.3
Netherlands	22.7	22.1	21.9	23.1	25.1	24.2	24.7	17.3	17.6	19.6	19.2	20.4	20.7
Israel	20.6	20.5	17.9	17.6	16.3	17.8	18.3	18.4	20.1	19.9	22.0	18.9	16.8
Colombia	20.2	20.3	16.7	16.3	16.5	16.4	16.4	17.0	15.7	15.7	16.2	16.0	16.0
Philippines	20.1	19.2	18.5	18.5	19.3	20.3	20.0	14.3	14.4	15.0	14.6	12.5	11.3
Norway	19.6	19.0	18.0	18.1	17.5	16.3	15.4	16.1	15.2	15.0	14.6	13.6	12.3
Sweden	16.8	15.2	16.1	15.4	16.8	17.7	17.6	16.5	13.4	15.3	16.3	16.0	15.7
France	15.0	20.1	23.5	23.3	26.1	19.8	24.2	36.0	37.9	40.6	39.8	32.8	36.3
Australia	14.8	14.8	15.5	17.8	15.5	19.2	18.4	14.5	14.1	17.9	14.4	14.4	15.4
Chile	13.9	13.4	13.4	13.0	13.0	13.1	12.0	12.2	12.0	12.0	11.9	12.3	12.5
Malaysia	11.5	11.7	11.6	11.5	11.7	11.7	11.1	11.1	10.5	10.9	11.0	10.9	11.0
All Other	192.7	200.2	201.1	203.5	205.6	205.7	199.1	171.1	174.6	168.1	163.4	162.0	161.1
Grand Total	4415.8	4394.4	4356.0	4316.0	4262.1	4111.7	4070.0	4002.9	3958.2	3951.2	3877.9	3745.5	3702.2
													
Of which:													
  For. Official	3189.3	3212.4	3227.9	3201.7	3151.5	3107.1	3071.4	2688.7	2689.8	2715.2	2703.3	2670.3	2674.6
    Treasury Bills	462.3	499.2	531.3	504.4	495.6	481.8	454.4	454.4	466.9	498.5	501.3	496.5	502.0
    T-Bonds & Notes	2727.0	2713.2	2696.6	2697.3	2655.9	2625.3	2617.0	2234.3	2222.9	2216.7	2202.0	2173.8	2172.6
													
													
							Series 14/	Series					
							X	IX					
	Dec	Nov	Oct	Sep	Aug	Jul	Jun	Jun	May	Apr	Mar	Feb	Jan
Country	2009	2009	2009	2009	2009	2009	2009	2009	2009	2009	2009	2009	2009
	------	------	------	------	------	------	------	------	------	------	------	------	------
"China, Mainland"	894.8	929.0	938.3	938.3	936.5	939.9	915.8	776.4	801.5	763.5	767.9	744.2	739.6
Japan	765.7	754.3	742.9	747.9	727.5	720.9	708.2	711.2	677.2	685.9	686.7	661.9	634.8
Oil Exporters 3/	201.1	202.6	204.9	201.3	209.8	209.9	211.8	191.2	192.9	189.6	192.0	181.8	186.6
United Kingdom 2/	180.3	155.5	108.1	126.8	104.3	97.1	90.8	213.6	163.9	152.8	128.3	129.6	124.1
Brazil	169.2	165.8	164.9	153.6	146.0	146.8	148.5	139.8	127.1	126.0	126.6	130.9	133.5
Hong Kong	148.7	142.1	137.8	128.0	120.5	111.1	95.7	99.8	93.2	80.9	78.9	76.3	71.7
Russia	141.8	151.4	145.9	145.1	144.9	141.3	143.3	119.9	124.5	137.0	138.4	130.1	119.6
Carib Bnkng Ctrs 4/	128.2	123.2	114.1	116.6	125.3	138.8	135.5	192.1	195.3	205.3	214.2	189.6	177.1
Taiwan	116.5	115.4	115.6	115.1	112.9	114.4	114.0	77.0	75.7	78.3	74.8	72.6	73.3
Switzerland	89.7	89.6	85.3	82.7	82.0	81.9	85.7	72.0	63.7	64.2	67.7	68.2	62.1
Luxembourg	88.4	80.2	79.5	87.5	83.0	80.8	92.9	104.3	96.2	97.4	106.0	92.1	87.0
Canada	52.8	50.7	44.8	42.3	30.2	24.1	23.0	18.4	11.0	12.5	11.3	10.3	8.4
Germany	47.8	48.7	47.9	48.8	50.1	51.2	48.9	53.8	55.1	54.4	54.9	56.5	56.2
Ireland	43.6	43.1	42.6	37.0	40.8	42.9	50.6	46.3	50.6	49.7	54.7	54.5	50.0
"Korea, South"	40.3	40.2	43.3	39.9	39.8	38.7	37.4	36.3	37.4	35.4	33.1	33.3	31.3
Singapore	39.2	37.5	36.3	39.4	43.1	43.4	41.9	40.9	39.7	39.8	39.2	39.5	38.5
Mexico	36.8	31.9	26.5	27.8	33.2	33.4	35.2	29.5	31.5	35.3	36.2	37.8	34.8
Thailand	33.3	29.6	28.0	27.9	31.4	29.3	27.5	29.7	26.8	28.5	26.0	39.7	37.2
India	32.5	34.5	35.8	38.8	41.5	41.8	42.2	39.3	38.8	38.5	38.2	34.6	32.5
France	30.5	40.4	29.1	25.0	28.0	17.5	18.9	26.0	25.9	30.6	27.1	16.8	17.9
Turkey	28.1	29.4	30.3	28.1	28.5	27.1	27.3	26.9	28.3	26.6	29.7	31.9	30.8
Poland	22.9	21.9	21.9	21.5	21.3	20.9	20.5	5.6	5.0	3.9	3.8	4.4	3.3
Italy	21.1	21.6	21.6	20.0	19.3	19.8	19.1	16.7	16.7	16.1	16.6	16.4	15.6
Netherlands	20.4	21.0	20.5	22.0	22.0	22.2	19.6	18.9	16.4	16.5	17.6	16.1	16.8
Egypt	18.9	19.4	14.3	14.9	14.5	12.7	11.5	17.3	18.6	18.5	18.5	19.1	16.9
Colombia	17.3	17.2	18.3	18.3	17.9	16.4	13.3	11.9	12.1	11.6	11.4	11.6	11.5
Belgium	17.3	17.4	16.9	17.2	17.7	17.8	17.9	15.7	15.7	15.8	15.4	14.5	15.6
Australia	16.3	13.7	12.8	12.3	12.5	12.1	12.5	10.2	9.0	8.4	6.8	8.1	7.8
Sweden	15.2	15.5	15.3	14.4	12.7	12.5	12.5	16.4	13.0	12.7	12.5	12.6	12.4
Israel	13.8	15.1	14.5	16.9	16.2	15.5	16.6	18.1	19.0	19.1	19.4	17.4	16.9
Spain	13.7	13.1	13.1	12.3	12.8	11.6	11.1	5.5	4.7	4.5	4.5	4.6	4.2
Chile	12.4	12.1	12.4	12.8	12.9	13.4	14.2	14.3	14.7	15.1	15.5	15.2	15.2
Norway	12.1	8.5	7.3	7.6	7.1	11.3	11.1	28.7	28.3	27.5	26.2	21.1	21.9
Philippines	11.7	11.7	11.4	11.4	11.9	10.9	11.2	11.6	11.8	12.0	12.4	12.6	11.6
Malaysia	11.7	11.8	11.7	11.7	11.9	12.5	12.4	11.7	12.3	11.6	10.6	8.4	8.0
All Other	150.6	153.8	158.0	159.4	161.0	163.7	162.5	136.4	139.0	136.6	142.4	147.7	147.0
Grand Total	3685.1	3669.0	3571.6	3570.6	3531.1	3505.8	3460.8	3383.9	3292.6	3262.1	3265.7	3161.9	3071.7
													
Of which:													
  For. Official	2700.1	2728.6	2710.4	2694.6	2689.8	2675.9	2625.5	2295.3	2287.1	2253.2	2248.2	2197.7	2165.4
    Treasury Bills	528.1	580.9	593.8	593.1	607.3	606.6	571.9	571.9	586.2	530.6	542.7	521.2	486.9
    T-Bonds & Notes	2172.0	2147.7	2116.5	2101.5	2082.5	2069.3	2053.6	1723.4	1700.9	1722.7	1705.5	1676.5	1678.5
													
													
							Series 13/	Series					
							IX	VIII					
	Dec	Nov	Oct	Sep	Aug	Jul	Jun	Jun	May	Apr	Mar	Feb	Jan
Country	2008	2008	2008	2008	2008	2008	2008	2008	2008	2008	2008	2008	2008
	------	------	------	------	------	------	------	------	------	------	------	------	------
"China, Mainland"	727.4	713.2	684.1	618.2	573.7	550.0	535.1	503.8	506.8	502.0	490.6	486.9	492.6
Japan	626.0	625.2	629.6	617.5	630.3	637.6	628.0	580.4	575.3	588.8	597.4	583.3	585.6
Carib Bnkng Ctrs 4/	197.9	205.3	203.8	169.3	133.0	117.6	106.6	122.4	104.5	117.4	108.7	104.0	109.2
Oil Exporters 3/	186.2	187.2	176.7	171.2	169.6	162.9	159.5	170.3	164.2	153.8	150.7	146.1	140.8
United Kingdom 2/	131.1	133.0	134.1	115.7	82.7	66.2	55.3	279.3	271.4	247.1	200.5	180.6	161.9
Brazil	127.0	136.1	141.0	148.3	152.6	154.8	158.0	151.6	151.4	149.5	149.1	146.6	141.7
Russia	116.4	108.0	110.8	99.6	104.2	104.0	95.2	65.3	63.7	60.2	42.4	38.4	35.2
Luxembourg	97.3	94.2	100.6	104.5	90.4	89.7	102.6	83.2	75.2	81.8	89.8	80.3	66.1
Hong Kong	77.2	70.6	69.8	65.5	65.8	65.2	65.8	61.2	61.4	63.1	60.5	57.5	54.4
Taiwan	71.8	70.2	65.9	63.0	66.2	67.9	66.5	39.6	38.9	42.2	40.8	38.4	38.9
Switzerland	62.3	63.8	62.0	49.7	45.9	45.7	45.1	44.3	41.9	42.4	41.2	39.4	39.2
Germany	56.0	53.8	53.6	51.5	51.8	51.7	51.6	40.8	44.9	43.6	42.1	41.7	42.3
Ireland	54.3	41.3	35.1	32.9	18.9	16.9	19.9	13.9	15.6	18.3	17.6	15.4	15.6
Singapore	40.9	38.9	34.1	32.2	31.9	32.8	31.7	30.3	30.6	33.5	33.3	33.5	38.6
Mexico	34.8	33.8	32.2	32.5	32.6	34.3	41.1	41.9	39.6	37.3	38.3	36.1	35.2
Thailand	32.4	33.9	33.6	27.4	30.4	30.6	31.2	32.4	32.8	27.9	25.7	30.5	28.9
"Korea, South"	31.3	32.7	36.2	40.2	42.1	39.4	40.6	36.4	38.4	40.4	40.7	41.3	42.1
Turkey	30.2	28.4	27.3	31.5	34.3	32.7	30.5	30.3	28.9	31.1	28.7	28.5	28.2
India	29.2	22.3	18.3	20.3	20.2	19.0	17.7	11.7	10.3	10.5	11.8	14.4	14.6
Norway	23.1	20.2	11.5	13.2	2.4	2.8	4.4	43.3	47.1	45.3	44.5	34.0	33.6
Israel	18.8	13.8	12.4	8.7	7.6	8.1	9.8	5.9	5.3	6.2	6.5	7.1	7.6
Egypt	17.2	16.8	16.7	15.5	14.5	15.1	14.1	12.3	12.8	12.7	12.7	12.0	11.6
France	16.8	18.4	20.5	19.3	21.2	17.1	15.4	0.0	0.0	0.0	1.5	3.9	4.3
Italy	16.0	15.9	15.2	11.6	12.9	11.0	11.4	10.2	11.3	10.3	11.1	11.1	12.6
Belgium	15.9	15.3	15.8	15.4	14.8	15.0	15.4	12.4	12.4	12.5	12.8	13.2	13.1
Netherlands	15.4	15.6	15.7	15.6	16.9	17.8	17.8	15.0	15.6	15.5	15.0	14.0	15.8
Chile	15.2	15.1	15.4	13.4	13.0	13.6	12.2	11.7	11.1	10.2	9.7	8.5	9.0
Sweden	12.7	13.1	13.5	13.6	14.7	14.4	14.4	12.4	13.2	13.1	13.2	13.6	13.4
Philippines	11.7	11.5	12.1	12.0	12.3	12.4	12.4	8.8	9.0	9.9	10.8	10.4	10.3
Colombia	11.2	11.6	11.4	9.9	9.0	9.3	9.2	7.6	7.6	6.5	6.7	6.9	7.1
Australia	10.3	8.7	9.5	9.0	9.3	9.4	9.1	8.8	9.8	9.0	9.2	9.2	9.6
All Other	163.2	168.8	162.1	154.2	163.4	159.0	159.8	146.3	146.8	144.6	142.7	139.2	140.5
Grand Total	3077.2	3036.6	2980.6	2802.4	2688.7	2624.2	2587.4	2633.8	2597.7	2586.7	2506.3	2426.2	2399.4
													
Of which:													
  For. Official	2138.3	2103.7	2063.3	1981.0	1944.8	1926.9	1910.9	1751.7	1743.9	1743.3	1707.3	1682.3	1689.9
    Treasury Bills	457.9	427.2	360.6	276.8	245.6	232.5	226.6	226.6	219.9	215.7	201.9	205.0	209.0
    T-Bonds & Notes	1680.4	1676.5	1702.7	1704.2	1699.2	1694.4	1684.3	1525.0	1523.9	1527.6	1505.3	1477.3	1480.9
													
													
							Series 12/	Series					
							VIII	VII					
	Dec	Nov	Oct	Sep	Aug	Jul	Jun	Jun	May	Apr	Mar	Feb	Jan
Country	2007	2007	2007	2007	2007	2007	2007	2007	2007	2007	2007	2007	2007
	------	------	------	------	------	------	------	------	------	------	------	------	------
Japan	579.9	589.6	601.8	591.9	595.8	620.6	622.9	612.9	615.0	614.6	611.4	616.4	627.2
"China, Mainland"	477.6	458.9	459.1	467.7	471.2	480.0	477.3	405.2	407.5	414.2	420.0	416.0	401.0
United Kingdom 2/	157.9	174.1	154.9	119.9	99.5	67.0	49.6	191.9	169.2	135.1	147.5	121.6	104.0
Oil Exporters 3/	137.9	138.7	141.6	137.1	134.7	134.7	133.2	122.1	121.1	112.0	112.5	110.5	111.7
Brazil	129.9	121.7	113.9	110.5	107.7	105.7	94.7	93.7	81.6	79.7	69.7	60.7	53.7
Carib Bnkng Ctrs 4/	117.4	108.0	105.8	99.7	104.1	70.7	78.2	42.8	47.2	75.6	79.9	65.6	68.0
Luxembourg	69.0	67.9	63.3	58.3	57.1	57.6	55.9	62.6	62.2	61.8	61.8	59.8	59.4
Hong Kong	51.1	51.7	51.3	52.6	53.2	55.9	57.3	60.5	58.6	56.3	58.5	57.3	54.6
Germany	41.3	38.6	41.5	41.4	42.0	41.3	45.6	47.9	51.1	49.4	47.3	47.9	49.8
Singapore	39.8	40.2	38.8	36.6	37.8	36.3	36.0	33.0	34.4	32.1	28.8	31.2	29.9
"Korea, South"	39.2	37.8	37.0	39.4	42.6	44.4	43.7	50.0	52.1	54.1	57.9	56.9	62.3
Switzerland	38.9	38.1	38.0	37.2	37.8	37.4	38.5	32.4	32.1	32.4	33.1	32.7	33.7
Taiwan	38.2	37.1	40.7	39.9	39.5	44.6	44.7	57.5	57.4	59.2	58.1	57.5	59.3
Mexico	34.2	31.9	30.5	29.9	30.2	34.9	33.9	36.6	35.5	35.5	35.3	35.0	36.6
Russia	32.7	33.5	33.6	31.8	31.9	35.9	33.5	14.7	11.8	7.7	7.4	8.1	8.5
Thailand	27.4	27.5	22.8	24.7	22.9	22.5	20.6	17.8	18.7	16.8	17.8	16.8	16.6
Norway	26.2	27.6	25.5	22.9	6.4	0.0	3.1	0.0	0.0	2.1	7.3	12.5	20.7
Turkey	25.6	25.6	28.1	28.2	29.2	28.5	28.7	27.1	27.0	26.2	27.6	25.4	25.0
Canada	18.7	24.0	15.9	17.3	18.8	23.3	24.6	30.5	33.6	29.8	31.5	30.1	28.4
Ireland	18.7	17.5	17.0	16.3	16.8	15.6	15.8	12.0	12.0	8.5	11.7	12.5	12.3
Netherlands	15.2	14.2	14.8	15.1	16.7	15.7	16.5	21.2	20.0	21.3	21.4	21.5	20.1
India	14.9	14.8	14.9	10.8	12.1	14.1	14.0	12.8	15.3	20.0	20.1	19.5	15.8
Italy	14.6	15.5	14.1	13.4	13.2	13.9	14.0	13.5	13.4	13.3	13.9	13.4	13.6
Sweden	13.7	14.1	14.5	14.8	15.7	15.5	15.1	15.7	15.4	14.8	14.9	14.9	14.0
Belgium	13.2	14.2	14.6	14.6	14.6	15.4	15.2	11.9	12.1	12.9	12.3	12.9	12.3
Poland	12.9	11.1	9.8	10.6	10.5	11.1	10.4	12.9	11.8	12.2	12.2	12.7	12.5
Egypt	10.4	10.6	9.9	9.9	10.1	10.2	10.0	6.4	6.3	6.0	6.1	5.4	5.9
All Other	154.7	150.8	145.5	142.8	145.5	147.8	158.4	145.6	162.1	162.3	168.2	168.4	163.8
Grand Total	2351.1	2335.0	2299.1	2235.4	2217.8	2200.5	2191.5	2191.2	2184.6	2166.2	2194.3	2143.3	2120.6
													
Of which:													
  For. Official	1643.2	1621.4	1616.3	1609.3	1595.5	1621.1	1612.7	1443.2	1448.5	1458.5	1466.2	1451.5	1448.9
    Treasury Bills	198.4	187.6	182.9	179.9	180.4	176.4	161.1	161.1	172.8	178.2	195.3	182.0	181.5
    T-Bonds & Notes	1444.8	1433.8	1433.4	1429.4	1415.1	1444.7	1451.7	1282.1	1275.7	1280.3	1270.9	1269.5	1267.3
													
													
							Series 11/	Series					
							VII	VI					
	Dec	Nov	Oct	Sep	Aug	Jul	Jun	Jun	May	Apr	Mar	Feb	Jan
Country	2006	2006	2006	2006	2006	2006	2006	2006	2006	2006	2006	2006	2006
	------	------	------	------	------	------	------	------	------	------	------	------	------
Japan	622.9	615.9	618.1	618.1	623.5	614.9	614.7	635.4	636.1	639.4	639.0	656.4	653.4
"China, Mainland"	396.9	393.8	392.2	389.7	386.5	378.2	372.3	328.0	324.5	321.1	319.2	318.4	313.9
Oil Exporters 3/	110.2	106.4	107.2	113.7	116.6	112.4	110.8	101.9	103.0	99.7	98.1	96.2	89.4
United Kingdom 2/	92.6	76.1	61.7	61.6	54.7	44.3	55.5	200.9	174.2	166.2	179.2	162.4	157.2
Carib Bnkng Ctrs 4/	72.3	86.7	72.5	69.6	79.9	85.8	73.7	69.7	65.2	57.1	62.7	51.1	63.1
"Korea, South"	66.7	64.5	65.7	65.7	63.4	65.1	65.6	68.3	68.2	70.9	72.4	72.8	71.2
Luxembourg	60.0	60.5	59.5	58.7	58.4	59.4	58.8	37.4	38.4	37.5	36.6	36.2	35.2
Taiwan	59.4	59.5	60.8	61.3	61.9	63.0	63.4	67.1	67.5	68.9	68.9	68.9	68.7
Hong Kong	54.0	51.1	50.6	49.7	50.7	48.9	48.8	48.8	48.5	49.5	46.6	44.9	44.6
Brazil	52.1	51.0	46.4	44.9	43.1	31.7	33.3	33.4	32.9	30.8	31.4	33.3	30.1
Germany	46.0	45.6	46.1	46.3	44.7	43.2	41.8	49.0	47.5	47.0	46.7	47.9	48.0
Mexico	34.9	38.6	40.5	40.4	40.3	46.2	46.2	45.7	43.4	42.0	40.2	37.6	36.5
Switzerland	34.3	35.6	36.9	37.0	38.1	38.2	37.8	30.6	30.5	31.1	30.9	31.2	30.4
Norway	31.6	35.7	29.6	16.2	14.4	10.5	3.1	0.0	0.0	0.0	0.0	7.4	5.9
Singapore	31.3	30.9	31.1	34.0	34.7	35.0	35.2	34.9	35.9	36.8	33.2	33.6	32.9
Canada	26.9	27.2	28.9	28.8	28.3	21.6	21.5	38.6	38.6	34.9	33.0	32.1	29.6
France	26.4	30.4	26.7	17.6	23.6	22.3	25.9	29.2	30.7	30.1	34.7	34.9	32.0
Turkey	23.0	23.4	22.3	23.6	24.0	22.5	19.8	19.1	21.5	21.6	21.0	21.6	18.9
Netherlands	20.7	20.5	20.0	18.1	16.7	18.3	19.3	17.0	15.4	15.4	15.3	15.0	15.7
Thailand	16.9	16.1	15.7	15.9	16.1	15.4	15.5	15.8	15.5	15.6	17.5	17.9	17.0
India	14.6	13.9	12.0	11.2	13.5	14.0	13.1	12.5	12.2	12.3	11.2	10.0	10.3
Poland	13.9	13.9	14.1	12.8	13.4	12.5	11.1	11.4	13.3	12.3	12.2	12.4	11.3
Belgium	13.6	13.0	13.3	13.8	14.5	15.1	13.7	16.8	17.2	17.4	17.1	17.2	16.7
Italy	13.2	16.0	13.8	13.6	14.2	14.0	14.5	15.4	14.2	13.9	13.7	14.3	15.0
Israel	12.3	11.7	11.3	9.2	6.2	6.5	7.5	11.4	13.4	13.4	12.3	12.4	12.5
Sweden	12.0	11.9	12.0	12.9	13.5	13.5	13.3	18.2	18.1	18.0	17.9	17.1	17.4
Ireland	11.6	14.8	15.7	14.6	15.1	13.6	13.8	20.0	19.0	17.7	19.6	19.3	21.1
All Other	132.6	132.5	129.7	126.3	128.3	126.6	127.5	116.3	126.5	139.1	151.7	148.9	147.3
Grand Total	2103.1	2097.0	2054.4	2025.3	2038.0	1992.9	1977.8	2095.3	2071.4	2059.5	2082.1	2071.3	2045.4
													
Of which:													
  For. Official	1449.2	1452.4	1443.7	1426.2	1429.1	1408.7	1397.7	1298.5	1311.6	1326.3	1331.9	1339.3	1319.5
    Treasury Bills	177.0	186.3	178.6	179.6	190.1	186.1	184.8	184.8	194.9	197.1	215.1	215.5	209.9
    T-Bonds & Notes	1272.2	1266.1	1265.1	1246.6	1239.0	1222.5	1212.8	1113.6	1116.7	1129.2	1116.8	1123.8	1109.7
													
													
							Series 10/	Series					
							VI	V					
	Dec	Nov	Oct	Sep	Aug	Jul	Jun	Jun	May	Apr	Mar	Feb	Jan
Country	2005	2005	2005	2005	2005	2005	2005	2005	2005	2005	2005	2005	2005
	------	------	------	------	------	------	------	------	------	------	------	------	------
Japan	670.0	667.9	667.6	672.8	670.0	669.4	667.1	681.2	686.8	688.2	681.6	680.8	679.5
"China, Mainland"	310.0	303.9	301.7	306.3	302.1	296.4	298.0	243.3	243.1	240.2	223.7	224.9	223.5
United Kingdom 2/	146.0	135.5	100.3	95.8	87.2	73.2	58.8	140.8	126.4	119.0	116.0	104.1	94.2
Oil Exporters 3/	78.2	79.3	75.4	66.1	65.2	64.1	68.5	57.2	62.8	60.8	62.5	67.7	67.1
Carib Bnkng Ctrs 4/	77.2	81.2	75.0	68.3	67.4	65.2	70.9	66.9	87.2	112.8	121.1	86.3	76.4
"Korea, South"	69.0	68.8	63.7	64.1	62.4	62.6	63.0	59.4	58.7	55.9	57.2	53.1	53.6
Taiwan	68.1	68.3	68.9	68.9	68.4	68.8	67.8	71.3	71.0	70.7	71.5	68.7	68.4
Germany	49.9	48.6	47.3	46.4	47.9	44.8	44.1	61.2	61.2	60.9	56.1	53.0	53.8
Hong Kong	40.3	42.8	44.0	44.4	43.6	44.7	44.5	48.7	48.0	47.6	45.5	45.4	45.3
Luxembourg	35.6	36.6	36.7	37.6	38.2	36.9	38.8	43.5	45.0	45.8	42.8	43.2	41.9
Mexico	35.0	36.6	34.9	32.1	32.9	32.0	29.0	31.9	31.1	31.6	32.5	33.0	33.5
Singapore	33.0	33.4	33.9	33.9	34.2	34.1	34.4	29.9	31.3	30.9	31.3	29.6	30.1
France	30.9	31.3	30.0	28.5	28.5	26.4	23.2	19.2	28.2	22.4	25.2	27.3	21.3
Switzerland	30.8	30.7	32.6	32.0	32.9	32.3	34.9	39.5	41.6	43.1	43.7	44.1	40.6
Brazil	28.7	28.8	27.1	27.5	25.0	24.5	22.1	20.9	17.0	16.4	14.8	13.7	14.0
Canada	27.9	28.5	26.3	22.4	23.0	21.4	18.5	43.8	41.1	42.1	38.4	38.1	35.4
Ireland	19.7	23.0	22.1	19.1	18.9	23.1	22.2	15.6	19.2	14.4	18.2	18.4	15.8
Turkey	17.4	18.5	15.7	14.6	15.5	16.6	15.3	13.8	10.1	10.7	11.4	10.4	12.9
Belgium	17.0	15.6	15.4	15.7	15.8	15.6	15.4	15.9	15.8	15.7	15.3	16.7	16.8
Sweden	16.3	17.1	16.7	16.8	16.8	16.4	16.9	19.4	17.9	16.8	17.0	16.4	15.8
Thailand	16.1	16.2	16.2	14.8	15.7	15.6	16.3	12.9	13.3	11.1	12.1	13.0	13.3
Netherlands	15.7	16.9	19.1	18.2	18.7	19.6	19.1	13.3	13.7	15.5	16.6	14.9	15.1
Italy	15.4	16.5	15.1	14.2	14.9	14.4	13.1	14.4	14.5	14.8	14.7	13.9	13.1
Poland	13.7	13.4	13.2	12.9	12.1	12.2	12.4	11.4	11.8	11.9	11.4	10.6	10.2
Israel	12.5	10.8	11.9	11.8	11.4	10.5	10.9	9.5	10.3	11.5	14.6	14.3	14.9
All Other	159.4	163.8	154.0	144.5	157.0	158.3	152.3	186.5	174.8	169.8	157.1	172.9	168.0
Grand Total	2033.9	2034.0	1964.9	1929.6	1925.9	1899.2	1877.5	1971.3	1981.9	1980.9	1952.2	1914.4	1874.5
													
Of which:													
  For. Official	1305.1	1312.3	1292.3	1281.9	1293.0	1287.1	1283.8	1236.6	1243.8	1237.0	1229.6	1243.2	1238.0
    Treasury Bills	201.9	214.9	199.8	195.4	205.4	203.2	204.9	204.9	229.0	230.1	235.8	235.2	242.3
    T-Bonds & Notes	1103.3	1097.4	1092.5	1086.5	1087.6	1083.9	1078.9	1031.7	1014.8	1006.9	993.7	1007.9	995.7
													
													
							Series 9/	Series					
							V	IV					
	Dec	Nov	Oct	Sep	Aug	Jul	Jun	Jun	May	Apr	Mar	Feb	Jan
Country	2004	2004	2004	2004	2004	2004	2004	2004	2004	2004	2004	2004	2004
	------	------	------	------	------	------	------	------	------	------	------	------	------
Japan	689.9	693.1	692.3	698.9	699.4	675.4	666.6	688.4	666.4	651.8	645.3	613.2	582.6
"China, Mainland"	222.9	220.2	214.8	209.4	201.6	196.4	194.3	166.6	165.8	163.9	158.7	155.0	157.6
United Kingdom 2/	95.8	84.5	66.4	62.0	61.4	57.3	53.5	119.3	113.4	113.2	98.3	94.5	91.2
Taiwan	67.9	67.1	66.6	66.5	65.5	66.8	67.0	57.5	56.8	56.3	54.4	55.3	52.6
Oil Exporters 3/	62.1	63.0	62.0	57.3	51.5	56.8	53.8	51.9	46.1	45.4	43.5	41.6	43.9
"Korea, South"	55.0	55.3	49.6	50.5	47.3	45.4	44.5	58.8	57.2	57.8	59.1	57.3	59.8
Carib Bnkng Ctrs 4/	51.1	60.9	80.4	82.4	79.1	77.3	82.0	103.9	75.7	60.2	61.7	51.0	47.3
Germany	50.3	52.6	49.2	48.0	45.2	46.0	44.9	51.3	53.2	53.6	49.2	49.2	50.6
Hong Kong	45.1	42.4	43.3	43.0	42.8	43.9	45.8	53.7	53.7	53.6	52.0	54.0	55.0
Switzerland	41.7	41.5	41.9	39.7	40.0	39.2	40.8	49.7	48.8	50.8	48.3	48.0	44.8
Luxembourg	41.4	40.5	40.3	39.6	39.7	39.6	39.7	27.1	25.5	26.2	27.8	27.7	26.1
Canada	33.3	32.3	26.6	26.1	25.7	25.9	23.2	31.3	33.8	33.8	31.1	28.6	26.3
Mexico	32.8	33.5	33.2	34.0	36.0	34.6	38.3	45.9	36.5	30.6	28.9	28.4	27.5
Singapore	30.4	30.5	28.5	26.2	28.3	28.5	29.4	26.9	26.1	26.9	26.6	25.6	23.0
Norway	22.6	24.8	25.2	16.4	13.3	10.7	7.0	0.0	0.0	6.1	7.1	4.6	5.8
France	20.1	19.5	19.8	22.1	22.2	23.8	23.1	11.1	11.1	12.2	16.4	12.2	15.9
Sweden	17.0	16.1	15.7	14.7	14.5	13.8	14.2	10.0	11.3	9.8	10.4	10.5	9.5
Belgium	17.0	16.8	16.0	15.9	15.8	16.0	16.4	16.1	13.6	13.2	12.7	12.9	14.5
Ireland	16.2	17.0	15.1	14.6	15.6	14.9	12.8	17.6	19.2	14.2	14.0	15.4	14.7
Netherlands	16.0	14.4	14.8	16.1	13.4	20.6	20.7	14.3	13.3	15.1	12.1	12.3	12.9
Brazil	15.2	15.5	15.7	16.4	16.9	16.9	13.9	12.1	12.1	12.2	13.1	11.3	10.7
India	15.0	15.5	16.0	14.9	16.3	17.2	18.2	16.1	16.1	16.2	13.8	13.5	15.7
Israel	13.7	13.2	10.6	12.5	11.6	12.8	17.1	18.1	18.0	15.5	16.4	14.1	10.5
Italy	12.9	12.9	12.3	12.5	12.4	13.3	13.5	15.6	15.8	15.5	14.7	14.8	14.7
Thailand	12.5	12.8	12.1	11.0	12.2	11.2	8.8	11.4	10.9	10.7	11.9	15.3	13.5
Turkey	12.0	14.5	16.1	16.9	16.5	15.1	15.1	15.0	15.7	16.3	14.9	14.2	14.5
Poland	10.8	10.8	10.6	10.3	9.4	9.4	9.4	10.6	11.3	11.5	11.3	11.0	10.8
All Other	128.9	125.5	117.5	116.6	116.5	123.2	121.2	120.2	116.4	118.6	116.1	117.7	116.6
Grand Total	1849.3	1846.6	1812.7	1794.5	1770.1	1751.9	1735.4	1820.4	1743.8	1711.2	1670.0	1609.2	1568.5
													
Of which:													
  For. Official	1233.3	1238.0	1220.4	1204.9	1187.8	1169.9	1160.9	1094.9	1062.8	1046.6	1031.0	991.1	962.1
    Treasury Bills	245.2	256.9	260.4	260.5	254.3	252.0	248.9	248.9	233.1	224.9	231.9	225.6	214.5
    T-Bonds & Notes	988.1	981.1	960.0	944.4	933.5	918.0	912.0	846.0	829.7	821.8	799.1	765.5	747.6
													
													
							Series 8/	Series					
							IV	III					
	Dec	Nov	Oct	Sep	Aug	Jul	Jun	Jun	May	Apr	Mar	Feb	Jan
Country	2003	2003	2003	2003	2003	2003	2003	2003	2003	2003	2003	2003	2003
	------	------	------	------	------	------	------	------	------	------	------	------	------
Japan	550.8	531.1	507.7	491.2	471.4	463.1	461.0	453.1	441.4	401.8	399.3	391.1	385.0
"China, Mainland"	159.0	154.2	151.5	147.1	148.8	151.3	147.1	137.2	135.8	134.0	133.2	121.8	120.7
United Kingdom 2/	82.2	77.9	77.0	72.3	83.7	78.4	56.1	89.5	79.0	77.8	81.6	75.9	81.1
"Korea, South "	63.1	63.3	62.6	61.7	59.7	59.6	60.2	39.7	38.6	36.7	36.7	37.4	36.7
Taiwan	50.9	50.5	48.0	47.9	46.3	45.0	43.0	37.8	36.0	35.8	37.3	36.9	37.4
Hong Kong	50.0	47.5	43.9	42.5	44.0	42.3	43.0	50.5	48.7	51.4	48.9	48.8	50.1
Germany	47.8	48.7	49.2	49.0	49.5	46.7	41.6	41.7	40.3	36.9	35.7	36.1	35.9
Carib Bnkng Ctrs 4/	47.3	40.8	38.0	48.9	52.4	55.1	48.1	63.6	72.3	60.3	62.1	50.1	48.2
Switzerland	46.1	46.5	44.7	44.8	44.0	41.8	41.1	34.6	32.8	34.5	35.3	34.1	34.5
Oil Exporters 3/	42.6	42.8	40.4	40.4	41.1	39.4	38.0	39.8	39.5	40.9	42.4	42.3	47.7
Mexico	27.4	26.3	24.2	24.5	25.5	25.4	24.9	26.8	24.8	24.8	25.4	26.2	24.5
Luxembourg	25.4	25.8	25.7	26.2	26.8	26.2	25.2	23.6	23.5	23.9	23.6	23.4	23.1
Canada	24.2	20.3	18.8	23.0	22.6	20.2	15.7	12.5	8.4	11.0	9.3	7.3	8.6
Singapore	21.2	22.5	22.9	23.4	24.6	24.0	23.7	20.2	18.5	19.4	18.5	17.8	17.3
France	17.2	20.4	19.9	19.5	18.7	19.5	22.5	17.4	15.5	17.2	17.6	18.4	20.2
India	16.7	16.1	14.9	13.5	13.7	11.3	10.4	9.2	10.9	10.6	9.7	9.5	8.6
Turkey	15.7	15.5	16.6	19.1	16.4	15.3	13.9	12.5	11.8	11.0	11.9	12.9	13.2
Ireland	14.9	15.4	15.0	15.5	14.9	13.5	12.6	9.9	9.6	8.9	9.5	9.5	7.2
Belgium	14.4	15.2	14.6	14.2	14.2	12.5	12.0	12.2	12.2	12.3	12.2	15.0	16.6
Italy	13.2	17.3	15.7	16.9	17.1	16.6	16.2	16.2	16.2	16.6	16.4	16.9	17.3
Netherlands	12.3	14.1	13.5	14.1	17.8	19.0	18.7	19.7	18.2	16.3	12.4	10.9	8.9
Israel	12.2	11.9	11.4	12.1	12.0	13.1	11.8	12.4	12.8	14.2	14.9	12.9	11.7
Brazil	11.8	11.2	11.7	11.3	12.6	11.7	12.1	15.9	15.7	14.2	14.4	13.5	13.0
Thailand	11.7	12.7	14.7	14.8	14.6	15.2	15.7	15.0	14.1	14.2	14.3	15.0	17.1
Poland	10.7	10.4	10.3	10.0	10.1	10.2	10.4	9.3	9.4	9.1	9.3	9.0	8.7
Sweden	9.9	9.3	10.0	11.1	11.4	11.1	11.4	14.1	13.5	13.2	13.2	12.7	12.5
Norway	5.2	7.8	5.6	3.9	1.9	5.3	6.7	7.0	4.8	7.3	5.1	6.6	5.7
All Other	119.2	122.8	123.4	124.4	129.1	126.2	128.8	128.5	123.8	123.7	125.0	124.4	126.2
Grand Total	1523.1	1498.3	1451.9	1443.3	1444.9	1419.0	1371.9	1369.9	1328.1	1278.0	1275.2	1236.4	1237.7
													
Of which:													
  For. Official	933.9	928.9	902.5	878.9	876.0	872.1	864.2	815.7	799.8	777.0	783.6	774.0	767.1
    Treasury Bills	212.0	215.6	207.9	207.9	215.6	207.3	211.0	211.0	211.1	201.7	207.3	197.6	195.0
    T-Bonds & Notes	721.9	713.3	694.6	671.0	660.3	664.8	653.2	604.6	588.7	575.3	576.3	576.4	572.1
													
													
							Series 7/	Series					
							III	II					
	Dec	Nov	Oct	Sep	Aug	Jul	Jun	Jun	May	Apr	Mar	Feb	Jan
Country	2002	2002	2002	2002	2002	2002	2002	2002	2002	2002	2002	2002	2002
	------	------	------	------	------	------	------	------	------	------	------	------	------
Japan	378.1	374.9	373.1	373.8	364.6	361.8	349.2	335.8	317.8	314.6	312.6	311.9	310.6
"China, Mainland"	118.4	112.4	106.5	104.7	102.3	96.9	96.5	81.0	81.3	82.4	84.5	76.5	77.5
United Kingdom 2/	80.8	82.5	80.6	76.6	69.7	64.7	53.2	83.6	75.6	64.7	65.6	53.9	46.2
Carib Bnkng Ctrs 4/	50.3	44.8	45.8	40.6	33.0	43.1	34.6	40.3	31.7	23.7	27.6	30.4	31.9
Oil Exporters 3/	49.6	52.9	52.2	51.7	52.4	53.0	52.3	44.9	45.6	44.6	44.3	44.7	45.2
Hong Kong	47.5	49.0	46.8	45.3	48.0	44.1	42.9	43.5	43.6	43.5	47.1	47.3	46.2
"Korea, South "	38.0	37.7	37.5	35.8	35.8	35.0	32.6	37.7	35.4	34.7	32.6	33.4	32.3
Taiwan	37.4	37.5	37.2	37.2	38.7	38.9	36.7	33.9	32.9	31.9	33.3	32.9	33.8
Germany	37.3	35.8	34.4	34.2	35.0	36.6	39.0	46.1	46.5	45.9	45.5	43.9	44.0
Switzerland	34.0	38.3	34.6	35.4	34.2	35.0	33.4	19.6	19.0	18.6	21.3	18.1	18.4
Mexico	24.9	24.8	25.2	23.7	23.9	23.8	24.2	22.2	21.9	22.3	21.8	20.5	19.9
Luxembourg	23.9	23.7	23.3	23.8	22.8	22.9	23.1	n.a.	n.a.	n.a.	n.a.	n.a.	n.a.
France	22.9	23.0	21.0	23.0	23.0	22.7	23.3	17.6	16.7	15.5	14.8	17.7	17.7
Spain 	19.1	17.2	14.5	15.4	17.5	16.8	16.5	15.0	14.7	14.5	15.8	16.5	17.5
Singapore	17.8	18.0	19.6	19.7	19.4	20.4	20.0	20.4	19.1	19.4	18.0	19.5	19.0
Thailand	17.2	18.5	18.0	17.3	18.1	17.7	17.7	16.7	16.2	15.8	16.5	16.2	16.1
Italy	16.3	16.6	17.0	18.2	18.0	17.9	18.0	20.3	20.6	19.9	20.5	20.6	20.4
Turkey	13.5	12.8	12.1	12.4	12.2	11.0	10.3	10.0	10.5	11.1	10.2	10.4	8.2
Belgium  5/	13.0	13.2	12.8	13.2	13.3	11.6	11.3	22.9	21.7	21.8	22.4	21.2	21.8
Netherlands	13.0	10.3	8.6	11.5	10.6	12.6	12.3	0.0	0.0	0.0	0.3	3.8	2.6
Brazil	12.7	13.0	12.4	12.1	10.9	11.2	11.3	11.0	10.8	10.4	10.8	10.1	10.9
Israel	12.5	11.2	10.5	12.9	11.2	12.7	11.2	16.0	15.4	16.4	15.6	14.6	14.8
Sweden	12.3	11.2	9.5	9.7	9.4	8.9	8.8	6.4	6.9	6.3	6.2	5.9	6.1
Canada	10.4	9.0	6.1	8.6	8.1	9.7	11.7	12.6	14.5	13.7	15.7	14.2	12.4
India	9.2	9.0	7.9	8.1	9.6	9.3	9.1	8.8	6.3	5.4	6.3	5.4	5.8
Australia	8.4	9.1	9.3	8.8	9.5	9.1	6.7	10.1	9.8	9.7	9.8	9.1	8.7
Ireland	7.0	7.0	7.5	8.7	8.5	7.2	7.9	8.9	8.8	9.4	9.8	7.3	7.2
All Other	110.1	106.6	110.2	106.2	109.2	107.1	109.3	112.2	117.9	126.6	128.3	129.8	134.4
Grand Total	1235.6	1220.0	1194.2	1188.6	1168.9	1161.7	1123.1	1097.5	1061.2	1042.8	1057.2	1035.8	1029.6
													
Of which:													
  For. Official	760.1	753.8	739.8	736.5	744.0	742.6	735.8	630.4	614.2	607.6	614.7	612.2	617.2
    Treasury Bills	190.4	190.1	188.4	185.2	189.0	188.3	176.2	176.2	162.0	155.3	160.9	163.6	166.1
    T-Bonds & Notes	569.7	563.7	551.4	551.3	555.0	554.4	559.6	454.2	452.2	452.2	453.8	448.6	451.1
													
													
													
													
	Dec	Nov	Oct	Sep	Aug	Jul	Jun	May	Apr	Mar	Feb	Jan	
Country	2001	2001	2001	2001	2001	2001	2001	2001	2001	2001	2001	2001	
	------	------	------	------	------	------	------	------	------	------	------	------	
Japan	317.9	315.4	314.5	292.9	293.1	295.3	300.8	306.7	305.9	307.1	312.5	312.3	
"China, Mainland"	78.6	77.9	72.3	72.0	73.4	74.2	72.7	69.2	69.2	69.8	63.7	61.5	
Germany	47.8	46.6	46.2	46.5	47.6	46.6	47.6	49.0	47.9	46.1	44.8	48.0	
Hong Kong	47.7	42.9	39.3	45.6	42.1	43.3	41.9	39.7	38.5	41.0	39.5	39.1	
Oil Exporters 3/	46.8	45.3	42.4	42.7	44.5	43.9	43.4	43.2	44.4	45.9	47.8	48.5	
United Kingdom 2/	45.0	42.5	49.4	41.5	40.0	44.0	51.6	55.2	53.8	58.4	48.4	47.8	
Taiwan	35.3	34.7	35.1	35.8	35.0	33.9	34.9	34.9	35.3	35.5	35.4	34.5	
"Korea, South "	32.8	31.9	30.4	28.5	27.0	26.9	27.3	26.1	27.7	29.9	28.1	28.4	
Carib Bnkng Ctrs 4/	27.6	33.1	24.3	23.4	23.4	18.1	18.3	19.2	20.6	24.6	28.0	24.9	
Belgium-Luxembourg	22.4	22.2	21.8	21.5	21.6	21.6	21.6	21.2	21.3	20.7	28.7	29.4	
France	20.6	22.6	24.3	24.0	25.5	24.4	26.0	22.6	21.8	24.7	23.4	22.0	
Singapore	20.0	20.5	21.3	19.8	19.8	19.7	19.7	20.2	23.3	24.1	26.0	26.2	
Mexico	19.3	19.4	18.5	16.2	18.2	17.0	17.5	18.3	16.9	17.5	13.8	14.9	
Italy	18.9	18.9	18.6	19.5	20.4	20.7	20.4	20.4	20.0	19.9	21.3	20.8	
Switzerland	18.7	17.6	17.8	17.1	16.6	16.4	16.1	16.1	17.3	17.2	17.5	17.1	
Thailand	15.7	15.3	14.6	14.3	14.4	13.9	14.1	14.4	14.4	14.5	14.7	14.3	
Spain 	15.6	15.4	14.9	16.7	16.5	16.3	16.1	17.0	17.7	18.1	18.7	19.0	
Canada	15.4	12.4	12.1	15.2	14.4	13.8	15.4	14.8	13.7	12.5	12.5	12.8	
Netherlands	5.2	5.6	6.4	8.3	10.4	7.8	6.7	5.5	7.2	9.7	13.4	10.6	
All Other	188.8	196.1	191.8	190.7	190.1	178.1	171.2	172.5	170.9	175.3	177.2	178.7	
Grand Total	1040.1	1036.3	1016.0	992.2	994.0	975.9	983.3	986.2	987.8	1012.5	1015.4	1010.8	
													
Of which:													
  For. Official	619.4	624.2	611.6	602.7	601.7	590.0	586.9	588.8	594.1	614.2	614.3	616.9	
    Treasury Bills	161.7	167.6	161.1	153.9	154.7	143.3	139.2	137.9	144.2	155.2	155.7	159.0	
    T-Bonds & Notes	457.7	456.6	450.5	448.8	447.0	446.7	447.7	450.9	449.9	459.0	458.7	458.0	
													
													
										Series 6/	Series		
										  II	I		
	Dec	Nov	Oct	Sep	Aug	Jul	Jun	May	Apr	Mar	Mar		
Country	2000	2000	2000	2000	2000	2000	2000	2000	2000	2000	2000		
	------	------	------	------	------	------	------	------	------	------	------		
Japan	317.7	321.7	317.7	317.3	317.8	319.6	318.8	319.4	322.4	307.6	325.8		
"China, Mainland"	60.3	58.9	59.5	62.1	62.6	66.4	67.5	72.5	71.7	71.4	59.4		
United Kingdom 2/	50.2	54.5	60.4	64.3	66.4	63.1	68.1	77.5	77.7	78.6	235.7		
Germany	49.0	50.1	52.1	50.9	52.4	52.6	54.7	54.1	54.2	56.4	96.0		
Oil Exporters 3/	47.7	48.4	48.0	46.8	47.8	47.4	45.9	43.1	43.6	43.9	46.4		
Hong Kong	38.6	37.9	38.7	37.4	38.0	38.3	38.6	38.6	38.3	39.2	45.3		
Carib Bnkng Ctrs 4/	37.4	36.3	39.2	33.9	37.4	37.5	38.4	41.0	43.8	41.4	56.5		
Taiwan	33.4	33.2	34.4	38.1	39.8	41.1	41.9	42.1	44.0	43.6	29.4		
Belgium-Luxembourg 	29.6	24.3	23.4	23.3	24.6	25.0	25.2	25.3	26.1	27.1	26.4		
"Korea, South "	29.6	27.3	28.3	28.1	27.5	28.1	28.9	25.8	25.0	24.7	27.1		
Singapore	27.9	28.4	29.7	31.5	33.8	34.5	34.0	32.8	33.2	35.2	30.9		
France	25.1	25.6	27.6	27.4	28.5	27.6	28.1	26.8	30.0	33.6	28.8		
Italy	20.8	20.8	20.8	20.8	20.9	21.0	19.4	19.8	19.5	18.7	18.0		
Spain 	19.0	19.8	20.1	21.0	21.1	21.7	20.2	19.6	20.6	19.5	22.1		
Switzerland	16.4	16.9	17.4	17.8	18.6	19.2	20.6	23.2	23.6	24.3	21.4		
Mexico	15.3	17.9	16.2	16.9	17.3	16.1	14.6	15.8	15.3	14.4	17.0		
Canada	14.2	15.8	16.9	16.5	15.4	16.0	17.0	16.7	17.6	15.8	19.2		
Thailand	13.8	13.7	13.6	13.8	13.9	14.0	13.4	13.2	13.5	14.0	9.7		
Netherlands	11.4	13.0	12.9	12.6	11.7	11.9	13.1	13.6	15.0	14.3	9.8		
All Other	157.8	156.5	158.3	158.3	158.4	154.8	152.3	151.3	153.8	161.3	127.2		
Grand Total	1015.2	1021.0	1035.2	1038.8	1053.9	1055.9	1060.7	1072.2	1088.9	1085.0	1252.1		
													
Of which:													
  For. Official	609.2	610.1	615.1	622.6	633.5	633.3	631.6	624.7	634.9	635.6	600.8		
    Treasury Bills	153.0	155.1	155.1	155.5	159.8	160.1	157.2	148.8	157.6	164.8	164.8		
    T-Bonds & Notes	456.2	455.1	460.0	467.1	473.7	473.2	474.4	475.9	477.3	470.8	436.0		
													
													
Department of the Treasury/Federal Reserve Board													
5/18/2026													
"(2025 revised May 18, 2026)"													
"(2024 revised January 15, 2026)"													
"(2023 revised January 15, 2026)"													
"(2022 revised March 19, 2025)"													
"(2021 revised November 16, 2023)"													
"(2020 revised November 16, 2023)"													
"(2019 revised August 17, 2020)"													
"(2018 revised March 16, 2020)"													
"(2017 revised January 31, 2019)"													
"(2016 revised March 15, 2019)"													
"(2015 revised March 15, 2018)"													
"(2014 revised December 15, 2017)"													
"(2013 revised May 16, 2016)"													
"(2011 revised August 15, 2018)"													
"(2010 revised August 15, 2018)"													
"(2007 revised August 15, 2018)"													
"(2006 revised August 15, 2018)"													
													
*     Less than $50 million.													
													
													
"1/  The data in this table include foreign holdings of U.S. Treasury marketable and non-marketable bills, bonds, and"													
     notes reported monthly under the Treasury International Capital (TIC) reporting system. The data are collected 													
     primarily from U.S.-based custodians. Since U.S. securities held in overseas custody accounts may not be attributed													
"     to the actual owners, the data may not provide a precise accounting of individual country ownership of Treasury "													
     securities (see TIC FAQ #7 at:  http://www.treasury.gov/resource-center/data-chart-center/tic/Pages/ticfaq1.aspx).													
     --  Data for December 2011 and later include holdings of U.S. Treasury bonds and notes as reported on TIC Form													
"      SLT, ""Aggregate Holdings of Long-Term Securities by U.S. and Foreign Residents"", including preliminary SLT data"													
      for the most recent month on the Major Foreign Holders of Treasury Securities table.													
      -- The data before December 2011 were collected primarily from U.S.-based custodians and broker-dealers. Those													
      data includes estimated foreign holdings of U.S. Treasury bonds and notes based on adding monthly net transactions													
      from the TIC S Form to the holdings in the most recent annual Survey of Foreign Holdings of U.S. Securities. 													
      See footnotes 16 and 17 for details about the transition period during the 3rd and 4th quarters of 2011.													
													
2/   United Kingdom includes Channel Islands and Isle of Man.  This aggregate of countries was discontinued after data for February 2016.													
													
"3/   Oil exporters include Ecuador, Venezuela, Indonesia, Bahrain, Iran, Iraq, Kuwait, Oman, Qatar, Saudi Arabia, the "													
"     United Arab Emirates, Algeria, Gabon, Libya, and Nigeria. This aggregate of countries was discontinued after data for February 2016."													
													
"4/   Caribbean Banking Centers include Bahamas, Bermuda, Cayman Islands, Netherlands Antilles, and Panama. Beginning with"													
"     new series for June 2006, also includes British Virgin Islands. This aggregate of countries was discontinued after data for February 2016."													
													
"5/   Prior to June 2002, the Belgium line in this table includes holdings for both Belgium and Luxembourg."													
"     Historically, the data are shown as Belgium-Luxembourg."													
													
6/   Denotes series break.  Series II for March 2000 through May 2002 are based on the end-March 2000 benchmark survey and on monthly  													
     data.  Series I for March 2000 is based on the end-1994 benchmark survey and on monthly data.  The Series I estimate for March 2000 is 													
     shown for comparison only.													
													
7/    Denotes series break.  Series III for June 2002 through May 2003 are based on the end-June 2002 annual survey and on monthly data. 													
      Series II for March 2000 through May 2002 are based on the end-March 2000 benchmark survey and on monthly data.  The Series II 													
      estimate for June 2002 is shown for comparison only.													
													
8/    Denotes series break.  Series IV for June 2003 through May 2004 are based on the end-June 2003 annual survey and on monthly data.  													
     Series III for June 2002 through May 2003 are based on the end-June 2002 annual survey and on monthly data.  The Series III estimate 													
     for June 2003 is shown for comparison only.													
													
9/    Denotes series break.  Series V for June 2004 through May 2005 are based on the end-June 2004 annual survey (as revised April 2006)													
     and on monthly data.  Series IV for June 2003 through May 2004 are based on the end-June 2003 annual survey and on monthly data.													
     The Series IV estimate for June 2004 is shown for comparison only.													
													
10/   Denotes series break.  Series VI for June 2005 through May 2006 are based on the end-June 2005 annual survey and on monthly data. 													
      Series V for June 2004 through May 2005 are based on the end-June 2004 annual survey (revised April 2006) and on monthly data.  													
      Series V estimate for June 2005 is shown for comparison only.													
													
11/   Denotes series break.  Series VII for June 2006 through May 2007 are based on the end-June 2006 annual survey and on monthly data. 													
       Series VI for June 2005 through May 2006 are based on the end-June 2005 annual survey and on monthly data.  The Series VI estimate 													
       for June 2006 is shown for comparison only.													
													
12/   Denotes series break.  Series VIII for June 2007 through May 2008 are based on the end-June 2007 annual survey and on monthly data. 													
       Series VII for June 2006 through May 2007 are based on the end-June 2006 annual survey and on monthly data.  The Series VII estimate													
       for June 2007 is shown for comparison only.													
													
13/   Denotes series break.  Series IX for June 2008 through May 2009 are based on the end-June 2008 annual survey and on monthly data.													
        Series VIII for June 2007 through May 2008 are based on the end-June 2007 annual survey and on monthly data.  The Series VIII 													
        estimate for June 2008 is shown for comparison only.													
													
14/   Denotes series break.  Series X for June 2009 through May 2010 are based on the end-June 2009 annual survey and on monthly data.													
        Series IX for June 2008 through May 2009 are based on the end-June 2008 annual survey and on monthly data.  The Series IX estimate													
        for June 2009 is shown for comparison only.													
													
15/   Denotes series break.  Series XI for June 2010 through May 2011 are based on the end-June 2010 annual survey and on monthly data. 													
        Series X for June 2009 through May 2010 are based on the end-June 2009 annual survey and on monthly data.  The Series X estimate 													
        for June 2010 is shown for comparison only.													
													
16/   Denotes series break. Series XII for June 2011 through August 2011 are based on the end-June 2011 annual survey and on monthly data.													
"         Series XII for September 2011 includes holdings of Treasury  bonds and notes as reported on monthly TIC Form SLT, ""Aggregate "													
"         Holdings of Long-Term Securities by U.S. and Foreign Residents"".  Series XII for October and November 2011 are based on the "													
         September 2011 SLT data and on monthly  data.  Series XI for June 2010  through May 2011 are based on the end-June 2010 annual 													
         survey and on monthly data.  The Series XI estimate for June 2011 is shown for comparison only.													
      													
17/   Denotes series break.  Series XIII for December 2011 and all subsequent months include holdings of Treasury  bonds and													
"        notes as reported on monthly TIC Form SLT, ""Aggregate Holdings of Long-Term Securities by U.S. and Foreign Residents"". "													
													
													
													
													
													
													
													
													
													
													
													
													
													
